Resultados parciales
ic,temp,dens,ett,ect,eit,dtt 
100 1.71634 0.65 -1.13662 2.57451 -3.71112 0.190767
200 1.8802 0.65 -1.13958 2.8203 -3.95987 0.372078
300 1.88579 0.65 -1.14098 2.82869 -3.96966 0.5431
400 1.86384 0.65 -1.14121 2.79576 -3.93696 0.713829
500 1.87065 0.65 -1.14114 2.80598 -3.94711 0.884432
600 1.87597 0.65 -1.14153 2.81395 -3.95548 1.05479
700 1.86738 0.65 -1.1418 2.80106 -3.94287 1.22496
800 1.85335 0.65 -1.14123 2.78002 -3.92125 1.39265
900 1.85824 0.65 -1.14127 2.78736 -3.92863 1.55544

Resultados finales
nc,temp,dens,etp,ecp,eip,dtt
1000 1.85824 0.65 -1.14066 2.7795 -3.92016 1.71629
