Resultados parciales
ic,temp,dens,ett,ect,eit,dtt 
100 1.71634 0.65 -1.13662 2.57451 -3.71112 0.068416
200 1.8802 0.65 -1.13691 2.8203 -3.95721 0.154303
300 1.88579 0.65 -1.13964 2.82869 -3.96833 0.245816
400 1.86384 0.65 -1.13721 2.79576 -3.93296 0.338794
500 1.87065 0.65 -1.13447 2.80598 -3.94045 0.427862
600 1.87597 0.65 -1.13353 2.81395 -3.94748 0.516295
700 1.86738 0.65 -1.1338 2.80106 -3.93487 0.605466
800 1.85335 0.65 -1.13456 2.78002 -3.91459 0.69385
900 1.85824 0.65 -1.1346 2.78736 -3.92196 0.781377

Resultados finales
nc,temp,dens,etp,ecp,eip,dtt
1000 1.85824 0.65 -1.13559 2.7795 -3.91497 0.867992
