ip		px:		py:		pz:
0		0.5		0.5		0.5
1		1.65442		0.5		0.5
2		2.80883		0.5		0.5
3		3.96325		0.5		0.5
4		5.11766		0.5		0.5
5		6.27208		0.5		0.5
6		7.42649		0.5		0.5
7		8.58091		0.5		0.5
8		9.73533		0.5		0.5
9		10.8897		0.5		0.5
10		12.0442		0.5		0.5
11		13.1986		0.5		0.5
12		14.353		0.5		0.5
13		15.5074		0.5		0.5
14		0.5		1.65442		0.5
15		1.65442		1.65442		0.5
16		2.80883		1.65442		0.5
17		3.96325		1.65442		0.5
18		5.11766		1.65442		0.5
19		6.27208		1.65442		0.5
20		7.42649		1.65442		0.5
21		8.58091		1.65442		0.5
22		9.73533		1.65442		0.5
23		10.8897		1.65442		0.5
24		12.0442		1.65442		0.5
25		13.1986		1.65442		0.5
26		14.353		1.65442		0.5
27		15.5074		1.65442		0.5
28		0.5		2.80883		0.5
29		1.65442		2.80883		0.5
30		2.80883		2.80883		0.5
31		3.96325		2.80883		0.5
32		5.11766		2.80883		0.5
33		6.27208		2.80883		0.5
34		7.42649		2.80883		0.5
35		8.58091		2.80883		0.5
36		9.73533		2.80883		0.5
37		10.8897		2.80883		0.5
38		12.0442		2.80883		0.5
39		13.1986		2.80883		0.5
40		14.353		2.80883		0.5
41		15.5074		2.80883		0.5
42		0.5		3.96325		0.5
43		1.65442		3.96325		0.5
44		2.80883		3.96325		0.5
45		3.96325		3.96325		0.5
46		5.11766		3.96325		0.5
47		6.27208		3.96325		0.5
48		7.42649		3.96325		0.5
49		8.58091		3.96325		0.5
50		9.73533		3.96325		0.5
51		10.8897		3.96325		0.5
52		12.0442		3.96325		0.5
53		13.1986		3.96325		0.5
54		14.353		3.96325		0.5
55		15.5074		3.96325		0.5
56		0.5		5.11766		0.5
57		1.65442		5.11766		0.5
58		2.80883		5.11766		0.5
59		3.96325		5.11766		0.5
60		5.11766		5.11766		0.5
61		6.27208		5.11766		0.5
62		7.42649		5.11766		0.5
63		8.58091		5.11766		0.5
64		9.73533		5.11766		0.5
65		10.8897		5.11766		0.5
66		12.0442		5.11766		0.5
67		13.1986		5.11766		0.5
68		14.353		5.11766		0.5
69		15.5074		5.11766		0.5
70		0.5		6.27208		0.5
71		1.65442		6.27208		0.5
72		2.80883		6.27208		0.5
73		3.96325		6.27208		0.5
74		5.11766		6.27208		0.5
75		6.27208		6.27208		0.5
76		7.42649		6.27208		0.5
77		8.58091		6.27208		0.5
78		9.73533		6.27208		0.5
79		10.8897		6.27208		0.5
80		12.0442		6.27208		0.5
81		13.1986		6.27208		0.5
82		14.353		6.27208		0.5
83		15.5074		6.27208		0.5
84		0.5		7.42649		0.5
85		1.65442		7.42649		0.5
86		2.80883		7.42649		0.5
87		3.96325		7.42649		0.5
88		5.11766		7.42649		0.5
89		6.27208		7.42649		0.5
90		7.42649		7.42649		0.5
91		8.58091		7.42649		0.5
92		9.73533		7.42649		0.5
93		10.8897		7.42649		0.5
94		12.0442		7.42649		0.5
95		13.1986		7.42649		0.5
96		14.353		7.42649		0.5
97		15.5074		7.42649		0.5
98		0.5		8.58091		0.5
99		1.65442		8.58091		0.5
100		2.80883		8.58091		0.5
101		3.96325		8.58091		0.5
102		5.11766		8.58091		0.5
103		6.27208		8.58091		0.5
104		7.42649		8.58091		0.5
105		8.58091		8.58091		0.5
106		9.73533		8.58091		0.5
107		10.8897		8.58091		0.5
108		12.0442		8.58091		0.5
109		13.1986		8.58091		0.5
110		14.353		8.58091		0.5
111		15.5074		8.58091		0.5
112		0.5		9.73533		0.5
113		1.65442		9.73533		0.5
114		2.80883		9.73533		0.5
115		3.96325		9.73533		0.5
116		5.11766		9.73533		0.5
117		6.27208		9.73533		0.5
118		7.42649		9.73533		0.5
119		8.58091		9.73533		0.5
120		9.73533		9.73533		0.5
121		10.8897		9.73533		0.5
122		12.0442		9.73533		0.5
123		13.1986		9.73533		0.5
124		14.353		9.73533		0.5
125		15.5074		9.73533		0.5
126		0.5		10.8897		0.5
127		1.65442		10.8897		0.5
128		2.80883		10.8897		0.5
129		3.96325		10.8897		0.5
130		5.11766		10.8897		0.5
131		6.27208		10.8897		0.5
132		7.42649		10.8897		0.5
133		8.58091		10.8897		0.5
134		9.73533		10.8897		0.5
135		10.8897		10.8897		0.5
136		12.0442		10.8897		0.5
137		13.1986		10.8897		0.5
138		14.353		10.8897		0.5
139		15.5074		10.8897		0.5
140		0.5		12.0442		0.5
141		1.65442		12.0442		0.5
142		2.80883		12.0442		0.5
143		3.96325		12.0442		0.5
144		5.11766		12.0442		0.5
145		6.27208		12.0442		0.5
146		7.42649		12.0442		0.5
147		8.58091		12.0442		0.5
148		9.73533		12.0442		0.5
149		10.8897		12.0442		0.5
150		12.0442		12.0442		0.5
151		13.1986		12.0442		0.5
152		14.353		12.0442		0.5
153		15.5074		12.0442		0.5
154		0.5		13.1986		0.5
155		1.65442		13.1986		0.5
156		2.80883		13.1986		0.5
157		3.96325		13.1986		0.5
158		5.11766		13.1986		0.5
159		6.27208		13.1986		0.5
160		7.42649		13.1986		0.5
161		8.58091		13.1986		0.5
162		9.73533		13.1986		0.5
163		10.8897		13.1986		0.5
164		12.0442		13.1986		0.5
165		13.1986		13.1986		0.5
166		14.353		13.1986		0.5
167		15.5074		13.1986		0.5
168		0.5		14.353		0.5
169		1.65442		14.353		0.5
170		2.80883		14.353		0.5
171		3.96325		14.353		0.5
172		5.11766		14.353		0.5
173		6.27208		14.353		0.5
174		7.42649		14.353		0.5
175		8.58091		14.353		0.5
176		9.73533		14.353		0.5
177		10.8897		14.353		0.5
178		12.0442		14.353		0.5
179		13.1986		14.353		0.5
180		14.353		14.353		0.5
181		15.5074		14.353		0.5
182		0.5		15.5074		0.5
183		1.65442		15.5074		0.5
184		2.80883		15.5074		0.5
185		3.96325		15.5074		0.5
186		5.11766		15.5074		0.5
187		6.27208		15.5074		0.5
188		7.42649		15.5074		0.5
189		8.58091		15.5074		0.5
190		9.73533		15.5074		0.5
191		10.8897		15.5074		0.5
192		12.0442		15.5074		0.5
193		13.1986		15.5074		0.5
194		14.353		15.5074		0.5
195		15.5074		15.5074		0.5
196		0.5		16.6618		0.5
197		1.65442		16.6618		0.5
198		2.80883		16.6618		0.5
199		3.96325		16.6618		0.5
200		5.11766		16.6618		0.5
201		6.27208		16.6618		0.5
202		7.42649		16.6618		0.5
203		8.58091		16.6618		0.5
204		9.73533		16.6618		0.5
205		10.8897		16.6618		0.5
206		12.0442		16.6618		0.5
207		13.1986		16.6618		0.5
208		14.353		16.6618		0.5
209		15.5074		16.6618		0.5
210		0.5		0.5		1.65442
211		1.65442		0.5		1.65442
212		2.80883		0.5		1.65442
213		3.96325		0.5		1.65442
214		5.11766		0.5		1.65442
215		6.27208		0.5		1.65442
216		7.42649		0.5		1.65442
217		8.58091		0.5		1.65442
218		9.73533		0.5		1.65442
219		10.8897		0.5		1.65442
220		12.0442		0.5		1.65442
221		13.1986		0.5		1.65442
222		14.353		0.5		1.65442
223		15.5074		0.5		1.65442
224		0.5		1.65442		1.65442
225		1.65442		1.65442		1.65442
226		2.80883		1.65442		1.65442
227		3.96325		1.65442		1.65442
228		5.11766		1.65442		1.65442
229		6.27208		1.65442		1.65442
230		7.42649		1.65442		1.65442
231		8.58091		1.65442		1.65442
232		9.73533		1.65442		1.65442
233		10.8897		1.65442		1.65442
234		12.0442		1.65442		1.65442
235		13.1986		1.65442		1.65442
236		14.353		1.65442		1.65442
237		15.5074		1.65442		1.65442
238		0.5		2.80883		1.65442
239		1.65442		2.80883		1.65442
240		2.80883		2.80883		1.65442
241		3.96325		2.80883		1.65442
242		5.11766		2.80883		1.65442
243		6.27208		2.80883		1.65442
244		7.42649		2.80883		1.65442
245		8.58091		2.80883		1.65442
246		9.73533		2.80883		1.65442
247		10.8897		2.80883		1.65442
248		12.0442		2.80883		1.65442
249		13.1986		2.80883		1.65442
250		14.353		2.80883		1.65442
251		15.5074		2.80883		1.65442
252		0.5		3.96325		1.65442
253		1.65442		3.96325		1.65442
254		2.80883		3.96325		1.65442
255		3.96325		3.96325		1.65442
256		5.11766		3.96325		1.65442
257		6.27208		3.96325		1.65442
258		7.42649		3.96325		1.65442
259		8.58091		3.96325		1.65442
260		9.73533		3.96325		1.65442
261		10.8897		3.96325		1.65442
262		12.0442		3.96325		1.65442
263		13.1986		3.96325		1.65442
264		14.353		3.96325		1.65442
265		15.5074		3.96325		1.65442
266		0.5		5.11766		1.65442
267		1.65442		5.11766		1.65442
268		2.80883		5.11766		1.65442
269		3.96325		5.11766		1.65442
270		5.11766		5.11766		1.65442
271		6.27208		5.11766		1.65442
272		7.42649		5.11766		1.65442
273		8.58091		5.11766		1.65442
274		9.73533		5.11766		1.65442
275		10.8897		5.11766		1.65442
276		12.0442		5.11766		1.65442
277		13.1986		5.11766		1.65442
278		14.353		5.11766		1.65442
279		15.5074		5.11766		1.65442
280		0.5		6.27208		1.65442
281		1.65442		6.27208		1.65442
282		2.80883		6.27208		1.65442
283		3.96325		6.27208		1.65442
284		5.11766		6.27208		1.65442
285		6.27208		6.27208		1.65442
286		7.42649		6.27208		1.65442
287		8.58091		6.27208		1.65442
288		9.73533		6.27208		1.65442
289		10.8897		6.27208		1.65442
290		12.0442		6.27208		1.65442
291		13.1986		6.27208		1.65442
292		14.353		6.27208		1.65442
293		15.5074		6.27208		1.65442
294		0.5		7.42649		1.65442
295		1.65442		7.42649		1.65442
296		2.80883		7.42649		1.65442
297		3.96325		7.42649		1.65442
298		5.11766		7.42649		1.65442
299		6.27208		7.42649		1.65442
300		7.42649		7.42649		1.65442
301		8.58091		7.42649		1.65442
302		9.73533		7.42649		1.65442
303		10.8897		7.42649		1.65442
304		12.0442		7.42649		1.65442
305		13.1986		7.42649		1.65442
306		14.353		7.42649		1.65442
307		15.5074		7.42649		1.65442
308		0.5		8.58091		1.65442
309		1.65442		8.58091		1.65442
310		2.80883		8.58091		1.65442
311		3.96325		8.58091		1.65442
312		5.11766		8.58091		1.65442
313		6.27208		8.58091		1.65442
314		7.42649		8.58091		1.65442
315		8.58091		8.58091		1.65442
316		9.73533		8.58091		1.65442
317		10.8897		8.58091		1.65442
318		12.0442		8.58091		1.65442
319		13.1986		8.58091		1.65442
320		14.353		8.58091		1.65442
321		15.5074		8.58091		1.65442
322		0.5		9.73533		1.65442
323		1.65442		9.73533		1.65442
324		2.80883		9.73533		1.65442
325		3.96325		9.73533		1.65442
326		5.11766		9.73533		1.65442
327		6.27208		9.73533		1.65442
328		7.42649		9.73533		1.65442
329		8.58091		9.73533		1.65442
330		9.73533		9.73533		1.65442
331		10.8897		9.73533		1.65442
332		12.0442		9.73533		1.65442
333		13.1986		9.73533		1.65442
334		14.353		9.73533		1.65442
335		15.5074		9.73533		1.65442
336		0.5		10.8897		1.65442
337		1.65442		10.8897		1.65442
338		2.80883		10.8897		1.65442
339		3.96325		10.8897		1.65442
340		5.11766		10.8897		1.65442
341		6.27208		10.8897		1.65442
342		7.42649		10.8897		1.65442
343		8.58091		10.8897		1.65442
344		9.73533		10.8897		1.65442
345		10.8897		10.8897		1.65442
346		12.0442		10.8897		1.65442
347		13.1986		10.8897		1.65442
348		14.353		10.8897		1.65442
349		15.5074		10.8897		1.65442
350		0.5		12.0442		1.65442
351		1.65442		12.0442		1.65442
352		2.80883		12.0442		1.65442
353		3.96325		12.0442		1.65442
354		5.11766		12.0442		1.65442
355		6.27208		12.0442		1.65442
356		7.42649		12.0442		1.65442
357		8.58091		12.0442		1.65442
358		9.73533		12.0442		1.65442
359		10.8897		12.0442		1.65442
360		12.0442		12.0442		1.65442
361		13.1986		12.0442		1.65442
362		14.353		12.0442		1.65442
363		15.5074		12.0442		1.65442
364		0.5		13.1986		1.65442
365		1.65442		13.1986		1.65442
366		2.80883		13.1986		1.65442
367		3.96325		13.1986		1.65442
368		5.11766		13.1986		1.65442
369		6.27208		13.1986		1.65442
370		7.42649		13.1986		1.65442
371		8.58091		13.1986		1.65442
372		9.73533		13.1986		1.65442
373		10.8897		13.1986		1.65442
374		12.0442		13.1986		1.65442
375		13.1986		13.1986		1.65442
376		14.353		13.1986		1.65442
377		15.5074		13.1986		1.65442
378		0.5		14.353		1.65442
379		1.65442		14.353		1.65442
380		2.80883		14.353		1.65442
381		3.96325		14.353		1.65442
382		5.11766		14.353		1.65442
383		6.27208		14.353		1.65442
384		7.42649		14.353		1.65442
385		8.58091		14.353		1.65442
386		9.73533		14.353		1.65442
387		10.8897		14.353		1.65442
388		12.0442		14.353		1.65442
389		13.1986		14.353		1.65442
390		14.353		14.353		1.65442
391		15.5074		14.353		1.65442
392		0.5		15.5074		1.65442
393		1.65442		15.5074		1.65442
394		2.80883		15.5074		1.65442
395		3.96325		15.5074		1.65442
396		5.11766		15.5074		1.65442
397		6.27208		15.5074		1.65442
398		7.42649		15.5074		1.65442
399		8.58091		15.5074		1.65442
400		9.73533		15.5074		1.65442
401		10.8897		15.5074		1.65442
402		12.0442		15.5074		1.65442
403		13.1986		15.5074		1.65442
404		14.353		15.5074		1.65442
405		15.5074		15.5074		1.65442
406		0.5		16.6618		1.65442
407		1.65442		16.6618		1.65442
408		2.80883		16.6618		1.65442
409		3.96325		16.6618		1.65442
410		5.11766		16.6618		1.65442
411		6.27208		16.6618		1.65442
412		7.42649		16.6618		1.65442
413		8.58091		16.6618		1.65442
414		9.73533		16.6618		1.65442
415		10.8897		16.6618		1.65442
416		12.0442		16.6618		1.65442
417		13.1986		16.6618		1.65442
418		14.353		16.6618		1.65442
419		15.5074		16.6618		1.65442
420		0.5		0.5		2.80883
421		1.65442		0.5		2.80883
422		2.80883		0.5		2.80883
423		3.96325		0.5		2.80883
424		5.11766		0.5		2.80883
425		6.27208		0.5		2.80883
426		7.42649		0.5		2.80883
427		8.58091		0.5		2.80883
428		9.73533		0.5		2.80883
429		10.8897		0.5		2.80883
430		12.0442		0.5		2.80883
431		13.1986		0.5		2.80883
432		14.353		0.5		2.80883
433		15.5074		0.5		2.80883
434		0.5		1.65442		2.80883
435		1.65442		1.65442		2.80883
436		2.80883		1.65442		2.80883
437		3.96325		1.65442		2.80883
438		5.11766		1.65442		2.80883
439		6.27208		1.65442		2.80883
440		7.42649		1.65442		2.80883
441		8.58091		1.65442		2.80883
442		9.73533		1.65442		2.80883
443		10.8897		1.65442		2.80883
444		12.0442		1.65442		2.80883
445		13.1986		1.65442		2.80883
446		14.353		1.65442		2.80883
447		15.5074		1.65442		2.80883
448		0.5		2.80883		2.80883
449		1.65442		2.80883		2.80883
450		2.80883		2.80883		2.80883
451		3.96325		2.80883		2.80883
452		5.11766		2.80883		2.80883
453		6.27208		2.80883		2.80883
454		7.42649		2.80883		2.80883
455		8.58091		2.80883		2.80883
456		9.73533		2.80883		2.80883
457		10.8897		2.80883		2.80883
458		12.0442		2.80883		2.80883
459		13.1986		2.80883		2.80883
460		14.353		2.80883		2.80883
461		15.5074		2.80883		2.80883
462		0.5		3.96325		2.80883
463		1.65442		3.96325		2.80883
464		2.80883		3.96325		2.80883
465		3.96325		3.96325		2.80883
466		5.11766		3.96325		2.80883
467		6.27208		3.96325		2.80883
468		7.42649		3.96325		2.80883
469		8.58091		3.96325		2.80883
470		9.73533		3.96325		2.80883
471		10.8897		3.96325		2.80883
472		12.0442		3.96325		2.80883
473		13.1986		3.96325		2.80883
474		14.353		3.96325		2.80883
475		15.5074		3.96325		2.80883
476		0.5		5.11766		2.80883
477		1.65442		5.11766		2.80883
478		2.80883		5.11766		2.80883
479		3.96325		5.11766		2.80883
480		5.11766		5.11766		2.80883
481		6.27208		5.11766		2.80883
482		7.42649		5.11766		2.80883
483		8.58091		5.11766		2.80883
484		9.73533		5.11766		2.80883
485		10.8897		5.11766		2.80883
486		12.0442		5.11766		2.80883
487		13.1986		5.11766		2.80883
488		14.353		5.11766		2.80883
489		15.5074		5.11766		2.80883
490		0.5		6.27208		2.80883
491		1.65442		6.27208		2.80883
492		2.80883		6.27208		2.80883
493		3.96325		6.27208		2.80883
494		5.11766		6.27208		2.80883
495		6.27208		6.27208		2.80883
496		7.42649		6.27208		2.80883
497		8.58091		6.27208		2.80883
498		9.73533		6.27208		2.80883
499		10.8897		6.27208		2.80883
500		12.0442		6.27208		2.80883
501		13.1986		6.27208		2.80883
502		14.353		6.27208		2.80883
503		15.5074		6.27208		2.80883
504		0.5		7.42649		2.80883
505		1.65442		7.42649		2.80883
506		2.80883		7.42649		2.80883
507		3.96325		7.42649		2.80883
508		5.11766		7.42649		2.80883
509		6.27208		7.42649		2.80883
510		7.42649		7.42649		2.80883
511		8.58091		7.42649		2.80883
512		9.73533		7.42649		2.80883
513		10.8897		7.42649		2.80883
514		12.0442		7.42649		2.80883
515		13.1986		7.42649		2.80883
516		14.353		7.42649		2.80883
517		15.5074		7.42649		2.80883
518		0.5		8.58091		2.80883
519		1.65442		8.58091		2.80883
520		2.80883		8.58091		2.80883
521		3.96325		8.58091		2.80883
522		5.11766		8.58091		2.80883
523		6.27208		8.58091		2.80883
524		7.42649		8.58091		2.80883
525		8.58091		8.58091		2.80883
526		9.73533		8.58091		2.80883
527		10.8897		8.58091		2.80883
528		12.0442		8.58091		2.80883
529		13.1986		8.58091		2.80883
530		14.353		8.58091		2.80883
531		15.5074		8.58091		2.80883
532		0.5		9.73533		2.80883
533		1.65442		9.73533		2.80883
534		2.80883		9.73533		2.80883
535		3.96325		9.73533		2.80883
536		5.11766		9.73533		2.80883
537		6.27208		9.73533		2.80883
538		7.42649		9.73533		2.80883
539		8.58091		9.73533		2.80883
540		9.73533		9.73533		2.80883
541		10.8897		9.73533		2.80883
542		12.0442		9.73533		2.80883
543		13.1986		9.73533		2.80883
544		14.353		9.73533		2.80883
545		15.5074		9.73533		2.80883
546		0.5		10.8897		2.80883
547		1.65442		10.8897		2.80883
548		2.80883		10.8897		2.80883
549		3.96325		10.8897		2.80883
550		5.11766		10.8897		2.80883
551		6.27208		10.8897		2.80883
552		7.42649		10.8897		2.80883
553		8.58091		10.8897		2.80883
554		9.73533		10.8897		2.80883
555		10.8897		10.8897		2.80883
556		12.0442		10.8897		2.80883
557		13.1986		10.8897		2.80883
558		14.353		10.8897		2.80883
559		15.5074		10.8897		2.80883
560		0.5		12.0442		2.80883
561		1.65442		12.0442		2.80883
562		2.80883		12.0442		2.80883
563		3.96325		12.0442		2.80883
564		5.11766		12.0442		2.80883
565		6.27208		12.0442		2.80883
566		7.42649		12.0442		2.80883
567		8.58091		12.0442		2.80883
568		9.73533		12.0442		2.80883
569		10.8897		12.0442		2.80883
570		12.0442		12.0442		2.80883
571		13.1986		12.0442		2.80883
572		14.353		12.0442		2.80883
573		15.5074		12.0442		2.80883
574		0.5		13.1986		2.80883
575		1.65442		13.1986		2.80883
576		2.80883		13.1986		2.80883
577		3.96325		13.1986		2.80883
578		5.11766		13.1986		2.80883
579		6.27208		13.1986		2.80883
580		7.42649		13.1986		2.80883
581		8.58091		13.1986		2.80883
582		9.73533		13.1986		2.80883
583		10.8897		13.1986		2.80883
584		12.0442		13.1986		2.80883
585		13.1986		13.1986		2.80883
586		14.353		13.1986		2.80883
587		15.5074		13.1986		2.80883
588		0.5		14.353		2.80883
589		1.65442		14.353		2.80883
590		2.80883		14.353		2.80883
591		3.96325		14.353		2.80883
592		5.11766		14.353		2.80883
593		6.27208		14.353		2.80883
594		7.42649		14.353		2.80883
595		8.58091		14.353		2.80883
596		9.73533		14.353		2.80883
597		10.8897		14.353		2.80883
598		12.0442		14.353		2.80883
599		13.1986		14.353		2.80883
600		14.353		14.353		2.80883
601		15.5074		14.353		2.80883
602		0.5		15.5074		2.80883
603		1.65442		15.5074		2.80883
604		2.80883		15.5074		2.80883
605		3.96325		15.5074		2.80883
606		5.11766		15.5074		2.80883
607		6.27208		15.5074		2.80883
608		7.42649		15.5074		2.80883
609		8.58091		15.5074		2.80883
610		9.73533		15.5074		2.80883
611		10.8897		15.5074		2.80883
612		12.0442		15.5074		2.80883
613		13.1986		15.5074		2.80883
614		14.353		15.5074		2.80883
615		15.5074		15.5074		2.80883
616		0.5		16.6618		2.80883
617		1.65442		16.6618		2.80883
618		2.80883		16.6618		2.80883
619		3.96325		16.6618		2.80883
620		5.11766		16.6618		2.80883
621		6.27208		16.6618		2.80883
622		7.42649		16.6618		2.80883
623		8.58091		16.6618		2.80883
624		9.73533		16.6618		2.80883
625		10.8897		16.6618		2.80883
626		12.0442		16.6618		2.80883
627		13.1986		16.6618		2.80883
628		14.353		16.6618		2.80883
629		15.5074		16.6618		2.80883
630		0.5		0.5		3.96325
631		1.65442		0.5		3.96325
632		2.80883		0.5		3.96325
633		3.96325		0.5		3.96325
634		5.11766		0.5		3.96325
635		6.27208		0.5		3.96325
636		7.42649		0.5		3.96325
637		8.58091		0.5		3.96325
638		9.73533		0.5		3.96325
639		10.8897		0.5		3.96325
640		12.0442		0.5		3.96325
641		13.1986		0.5		3.96325
642		14.353		0.5		3.96325
643		15.5074		0.5		3.96325
644		0.5		1.65442		3.96325
645		1.65442		1.65442		3.96325
646		2.80883		1.65442		3.96325
647		3.96325		1.65442		3.96325
648		5.11766		1.65442		3.96325
649		6.27208		1.65442		3.96325
650		7.42649		1.65442		3.96325
651		8.58091		1.65442		3.96325
652		9.73533		1.65442		3.96325
653		10.8897		1.65442		3.96325
654		12.0442		1.65442		3.96325
655		13.1986		1.65442		3.96325
656		14.353		1.65442		3.96325
657		15.5074		1.65442		3.96325
658		0.5		2.80883		3.96325
659		1.65442		2.80883		3.96325
660		2.80883		2.80883		3.96325
661		3.96325		2.80883		3.96325
662		5.11766		2.80883		3.96325
663		6.27208		2.80883		3.96325
664		7.42649		2.80883		3.96325
665		8.58091		2.80883		3.96325
666		9.73533		2.80883		3.96325
667		10.8897		2.80883		3.96325
668		12.0442		2.80883		3.96325
669		13.1986		2.80883		3.96325
670		14.353		2.80883		3.96325
671		15.5074		2.80883		3.96325
672		0.5		3.96325		3.96325
673		1.65442		3.96325		3.96325
674		2.80883		3.96325		3.96325
675		3.96325		3.96325		3.96325
676		5.11766		3.96325		3.96325
677		6.27208		3.96325		3.96325
678		7.42649		3.96325		3.96325
679		8.58091		3.96325		3.96325
680		9.73533		3.96325		3.96325
681		10.8897		3.96325		3.96325
682		12.0442		3.96325		3.96325
683		13.1986		3.96325		3.96325
684		14.353		3.96325		3.96325
685		15.5074		3.96325		3.96325
686		0.5		5.11766		3.96325
687		1.65442		5.11766		3.96325
688		2.80883		5.11766		3.96325
689		3.96325		5.11766		3.96325
690		5.11766		5.11766		3.96325
691		6.27208		5.11766		3.96325
692		7.42649		5.11766		3.96325
693		8.58091		5.11766		3.96325
694		9.73533		5.11766		3.96325
695		10.8897		5.11766		3.96325
696		12.0442		5.11766		3.96325
697		13.1986		5.11766		3.96325
698		14.353		5.11766		3.96325
699		15.5074		5.11766		3.96325
700		0.5		6.27208		3.96325
701		1.65442		6.27208		3.96325
702		2.80883		6.27208		3.96325
703		3.96325		6.27208		3.96325
704		5.11766		6.27208		3.96325
705		6.27208		6.27208		3.96325
706		7.42649		6.27208		3.96325
707		8.58091		6.27208		3.96325
708		9.73533		6.27208		3.96325
709		10.8897		6.27208		3.96325
710		12.0442		6.27208		3.96325
711		13.1986		6.27208		3.96325
712		14.353		6.27208		3.96325
713		15.5074		6.27208		3.96325
714		0.5		7.42649		3.96325
715		1.65442		7.42649		3.96325
716		2.80883		7.42649		3.96325
717		3.96325		7.42649		3.96325
718		5.11766		7.42649		3.96325
719		6.27208		7.42649		3.96325
720		7.42649		7.42649		3.96325
721		8.58091		7.42649		3.96325
722		9.73533		7.42649		3.96325
723		10.8897		7.42649		3.96325
724		12.0442		7.42649		3.96325
725		13.1986		7.42649		3.96325
726		14.353		7.42649		3.96325
727		15.5074		7.42649		3.96325
728		0.5		8.58091		3.96325
729		1.65442		8.58091		3.96325
730		2.80883		8.58091		3.96325
731		3.96325		8.58091		3.96325
732		5.11766		8.58091		3.96325
733		6.27208		8.58091		3.96325
734		7.42649		8.58091		3.96325
735		8.58091		8.58091		3.96325
736		9.73533		8.58091		3.96325
737		10.8897		8.58091		3.96325
738		12.0442		8.58091		3.96325
739		13.1986		8.58091		3.96325
740		14.353		8.58091		3.96325
741		15.5074		8.58091		3.96325
742		0.5		9.73533		3.96325
743		1.65442		9.73533		3.96325
744		2.80883		9.73533		3.96325
745		3.96325		9.73533		3.96325
746		5.11766		9.73533		3.96325
747		6.27208		9.73533		3.96325
748		7.42649		9.73533		3.96325
749		8.58091		9.73533		3.96325
750		9.73533		9.73533		3.96325
751		10.8897		9.73533		3.96325
752		12.0442		9.73533		3.96325
753		13.1986		9.73533		3.96325
754		14.353		9.73533		3.96325
755		15.5074		9.73533		3.96325
756		0.5		10.8897		3.96325
757		1.65442		10.8897		3.96325
758		2.80883		10.8897		3.96325
759		3.96325		10.8897		3.96325
760		5.11766		10.8897		3.96325
761		6.27208		10.8897		3.96325
762		7.42649		10.8897		3.96325
763		8.58091		10.8897		3.96325
764		9.73533		10.8897		3.96325
765		10.8897		10.8897		3.96325
766		12.0442		10.8897		3.96325
767		13.1986		10.8897		3.96325
768		14.353		10.8897		3.96325
769		15.5074		10.8897		3.96325
770		0.5		12.0442		3.96325
771		1.65442		12.0442		3.96325
772		2.80883		12.0442		3.96325
773		3.96325		12.0442		3.96325
774		5.11766		12.0442		3.96325
775		6.27208		12.0442		3.96325
776		7.42649		12.0442		3.96325
777		8.58091		12.0442		3.96325
778		9.73533		12.0442		3.96325
779		10.8897		12.0442		3.96325
780		12.0442		12.0442		3.96325
781		13.1986		12.0442		3.96325
782		14.353		12.0442		3.96325
783		15.5074		12.0442		3.96325
784		0.5		13.1986		3.96325
785		1.65442		13.1986		3.96325
786		2.80883		13.1986		3.96325
787		3.96325		13.1986		3.96325
788		5.11766		13.1986		3.96325
789		6.27208		13.1986		3.96325
790		7.42649		13.1986		3.96325
791		8.58091		13.1986		3.96325
792		9.73533		13.1986		3.96325
793		10.8897		13.1986		3.96325
794		12.0442		13.1986		3.96325
795		13.1986		13.1986		3.96325
796		14.353		13.1986		3.96325
797		15.5074		13.1986		3.96325
798		0.5		14.353		3.96325
799		1.65442		14.353		3.96325
800		2.80883		14.353		3.96325
801		3.96325		14.353		3.96325
802		5.11766		14.353		3.96325
803		6.27208		14.353		3.96325
804		7.42649		14.353		3.96325
805		8.58091		14.353		3.96325
806		9.73533		14.353		3.96325
807		10.8897		14.353		3.96325
808		12.0442		14.353		3.96325
809		13.1986		14.353		3.96325
810		14.353		14.353		3.96325
811		15.5074		14.353		3.96325
812		0.5		15.5074		3.96325
813		1.65442		15.5074		3.96325
814		2.80883		15.5074		3.96325
815		3.96325		15.5074		3.96325
816		5.11766		15.5074		3.96325
817		6.27208		15.5074		3.96325
818		7.42649		15.5074		3.96325
819		8.58091		15.5074		3.96325
820		9.73533		15.5074		3.96325
821		10.8897		15.5074		3.96325
822		12.0442		15.5074		3.96325
823		13.1986		15.5074		3.96325
824		14.353		15.5074		3.96325
825		15.5074		15.5074		3.96325
826		0.5		16.6618		3.96325
827		1.65442		16.6618		3.96325
828		2.80883		16.6618		3.96325
829		3.96325		16.6618		3.96325
830		5.11766		16.6618		3.96325
831		6.27208		16.6618		3.96325
832		7.42649		16.6618		3.96325
833		8.58091		16.6618		3.96325
834		9.73533		16.6618		3.96325
835		10.8897		16.6618		3.96325
836		12.0442		16.6618		3.96325
837		13.1986		16.6618		3.96325
838		14.353		16.6618		3.96325
839		15.5074		16.6618		3.96325
840		0.5		0.5		5.11766
841		1.65442		0.5		5.11766
842		2.80883		0.5		5.11766
843		3.96325		0.5		5.11766
844		5.11766		0.5		5.11766
845		6.27208		0.5		5.11766
846		7.42649		0.5		5.11766
847		8.58091		0.5		5.11766
848		9.73533		0.5		5.11766
849		10.8897		0.5		5.11766
850		12.0442		0.5		5.11766
851		13.1986		0.5		5.11766
852		14.353		0.5		5.11766
853		15.5074		0.5		5.11766
854		0.5		1.65442		5.11766
855		1.65442		1.65442		5.11766
856		2.80883		1.65442		5.11766
857		3.96325		1.65442		5.11766
858		5.11766		1.65442		5.11766
859		6.27208		1.65442		5.11766
860		7.42649		1.65442		5.11766
861		8.58091		1.65442		5.11766
862		9.73533		1.65442		5.11766
863		10.8897		1.65442		5.11766
864		12.0442		1.65442		5.11766
865		13.1986		1.65442		5.11766
866		14.353		1.65442		5.11766
867		15.5074		1.65442		5.11766
868		0.5		2.80883		5.11766
869		1.65442		2.80883		5.11766
870		2.80883		2.80883		5.11766
871		3.96325		2.80883		5.11766
872		5.11766		2.80883		5.11766
873		6.27208		2.80883		5.11766
874		7.42649		2.80883		5.11766
875		8.58091		2.80883		5.11766
876		9.73533		2.80883		5.11766
877		10.8897		2.80883		5.11766
878		12.0442		2.80883		5.11766
879		13.1986		2.80883		5.11766
880		14.353		2.80883		5.11766
881		15.5074		2.80883		5.11766
882		0.5		3.96325		5.11766
883		1.65442		3.96325		5.11766
884		2.80883		3.96325		5.11766
885		3.96325		3.96325		5.11766
886		5.11766		3.96325		5.11766
887		6.27208		3.96325		5.11766
888		7.42649		3.96325		5.11766
889		8.58091		3.96325		5.11766
890		9.73533		3.96325		5.11766
891		10.8897		3.96325		5.11766
892		12.0442		3.96325		5.11766
893		13.1986		3.96325		5.11766
894		14.353		3.96325		5.11766
895		15.5074		3.96325		5.11766
896		0.5		5.11766		5.11766
897		1.65442		5.11766		5.11766
898		2.80883		5.11766		5.11766
899		3.96325		5.11766		5.11766
900		5.11766		5.11766		5.11766
901		6.27208		5.11766		5.11766
902		7.42649		5.11766		5.11766
903		8.58091		5.11766		5.11766
904		9.73533		5.11766		5.11766
905		10.8897		5.11766		5.11766
906		12.0442		5.11766		5.11766
907		13.1986		5.11766		5.11766
908		14.353		5.11766		5.11766
909		15.5074		5.11766		5.11766
910		0.5		6.27208		5.11766
911		1.65442		6.27208		5.11766
912		2.80883		6.27208		5.11766
913		3.96325		6.27208		5.11766
914		5.11766		6.27208		5.11766
915		6.27208		6.27208		5.11766
916		7.42649		6.27208		5.11766
917		8.58091		6.27208		5.11766
918		9.73533		6.27208		5.11766
919		10.8897		6.27208		5.11766
920		12.0442		6.27208		5.11766
921		13.1986		6.27208		5.11766
922		14.353		6.27208		5.11766
923		15.5074		6.27208		5.11766
924		0.5		7.42649		5.11766
925		1.65442		7.42649		5.11766
926		2.80883		7.42649		5.11766
927		3.96325		7.42649		5.11766
928		5.11766		7.42649		5.11766
929		6.27208		7.42649		5.11766
930		7.42649		7.42649		5.11766
931		8.58091		7.42649		5.11766
932		9.73533		7.42649		5.11766
933		10.8897		7.42649		5.11766
934		12.0442		7.42649		5.11766
935		13.1986		7.42649		5.11766
936		14.353		7.42649		5.11766
937		15.5074		7.42649		5.11766
938		0.5		8.58091		5.11766
939		1.65442		8.58091		5.11766
940		2.80883		8.58091		5.11766
941		3.96325		8.58091		5.11766
942		5.11766		8.58091		5.11766
943		6.27208		8.58091		5.11766
944		7.42649		8.58091		5.11766
945		8.58091		8.58091		5.11766
946		9.73533		8.58091		5.11766
947		10.8897		8.58091		5.11766
948		12.0442		8.58091		5.11766
949		13.1986		8.58091		5.11766
950		14.353		8.58091		5.11766
951		15.5074		8.58091		5.11766
952		0.5		9.73533		5.11766
953		1.65442		9.73533		5.11766
954		2.80883		9.73533		5.11766
955		3.96325		9.73533		5.11766
956		5.11766		9.73533		5.11766
957		6.27208		9.73533		5.11766
958		7.42649		9.73533		5.11766
959		8.58091		9.73533		5.11766
960		9.73533		9.73533		5.11766
961		10.8897		9.73533		5.11766
962		12.0442		9.73533		5.11766
963		13.1986		9.73533		5.11766
964		14.353		9.73533		5.11766
965		15.5074		9.73533		5.11766
966		0.5		10.8897		5.11766
967		1.65442		10.8897		5.11766
968		2.80883		10.8897		5.11766
969		3.96325		10.8897		5.11766
970		5.11766		10.8897		5.11766
971		6.27208		10.8897		5.11766
972		7.42649		10.8897		5.11766
973		8.58091		10.8897		5.11766
974		9.73533		10.8897		5.11766
975		10.8897		10.8897		5.11766
976		12.0442		10.8897		5.11766
977		13.1986		10.8897		5.11766
978		14.353		10.8897		5.11766
979		15.5074		10.8897		5.11766
980		0.5		12.0442		5.11766
981		1.65442		12.0442		5.11766
982		2.80883		12.0442		5.11766
983		3.96325		12.0442		5.11766
984		5.11766		12.0442		5.11766
985		6.27208		12.0442		5.11766
986		7.42649		12.0442		5.11766
987		8.58091		12.0442		5.11766
988		9.73533		12.0442		5.11766
989		10.8897		12.0442		5.11766
990		12.0442		12.0442		5.11766
991		13.1986		12.0442		5.11766
992		14.353		12.0442		5.11766
993		15.5074		12.0442		5.11766
994		0.5		13.1986		5.11766
995		1.65442		13.1986		5.11766
996		2.80883		13.1986		5.11766
997		3.96325		13.1986		5.11766
998		5.11766		13.1986		5.11766
999		6.27208		13.1986		5.11766
1000		7.42649		13.1986		5.11766
1001		8.58091		13.1986		5.11766
1002		9.73533		13.1986		5.11766
1003		10.8897		13.1986		5.11766
1004		12.0442		13.1986		5.11766
1005		13.1986		13.1986		5.11766
1006		14.353		13.1986		5.11766
1007		15.5074		13.1986		5.11766
1008		0.5		14.353		5.11766
1009		1.65442		14.353		5.11766
1010		2.80883		14.353		5.11766
1011		3.96325		14.353		5.11766
1012		5.11766		14.353		5.11766
1013		6.27208		14.353		5.11766
1014		7.42649		14.353		5.11766
1015		8.58091		14.353		5.11766
1016		9.73533		14.353		5.11766
1017		10.8897		14.353		5.11766
1018		12.0442		14.353		5.11766
1019		13.1986		14.353		5.11766
1020		14.353		14.353		5.11766
1021		15.5074		14.353		5.11766
1022		0.5		15.5074		5.11766
1023		1.65442		15.5074		5.11766
1024		2.80883		15.5074		5.11766
1025		3.96325		15.5074		5.11766
1026		5.11766		15.5074		5.11766
1027		6.27208		15.5074		5.11766
1028		7.42649		15.5074		5.11766
1029		8.58091		15.5074		5.11766
1030		9.73533		15.5074		5.11766
1031		10.8897		15.5074		5.11766
1032		12.0442		15.5074		5.11766
1033		13.1986		15.5074		5.11766
1034		14.353		15.5074		5.11766
1035		15.5074		15.5074		5.11766
1036		0.5		16.6618		5.11766
1037		1.65442		16.6618		5.11766
1038		2.80883		16.6618		5.11766
1039		3.96325		16.6618		5.11766
1040		5.11766		16.6618		5.11766
1041		6.27208		16.6618		5.11766
1042		7.42649		16.6618		5.11766
1043		8.58091		16.6618		5.11766
1044		9.73533		16.6618		5.11766
1045		10.8897		16.6618		5.11766
1046		12.0442		16.6618		5.11766
1047		13.1986		16.6618		5.11766
1048		14.353		16.6618		5.11766
1049		15.5074		16.6618		5.11766
1050		0.5		0.5		6.27208
1051		1.65442		0.5		6.27208
1052		2.80883		0.5		6.27208
1053		3.96325		0.5		6.27208
1054		5.11766		0.5		6.27208
1055		6.27208		0.5		6.27208
1056		7.42649		0.5		6.27208
1057		8.58091		0.5		6.27208
1058		9.73533		0.5		6.27208
1059		10.8897		0.5		6.27208
1060		12.0442		0.5		6.27208
1061		13.1986		0.5		6.27208
1062		14.353		0.5		6.27208
1063		15.5074		0.5		6.27208
1064		0.5		1.65442		6.27208
1065		1.65442		1.65442		6.27208
1066		2.80883		1.65442		6.27208
1067		3.96325		1.65442		6.27208
1068		5.11766		1.65442		6.27208
1069		6.27208		1.65442		6.27208
1070		7.42649		1.65442		6.27208
1071		8.58091		1.65442		6.27208
1072		9.73533		1.65442		6.27208
1073		10.8897		1.65442		6.27208
1074		12.0442		1.65442		6.27208
1075		13.1986		1.65442		6.27208
1076		14.353		1.65442		6.27208
1077		15.5074		1.65442		6.27208
1078		0.5		2.80883		6.27208
1079		1.65442		2.80883		6.27208
1080		2.80883		2.80883		6.27208
1081		3.96325		2.80883		6.27208
1082		5.11766		2.80883		6.27208
1083		6.27208		2.80883		6.27208
1084		7.42649		2.80883		6.27208
1085		8.58091		2.80883		6.27208
1086		9.73533		2.80883		6.27208
1087		10.8897		2.80883		6.27208
1088		12.0442		2.80883		6.27208
1089		13.1986		2.80883		6.27208
1090		14.353		2.80883		6.27208
1091		15.5074		2.80883		6.27208
1092		0.5		3.96325		6.27208
1093		1.65442		3.96325		6.27208
1094		2.80883		3.96325		6.27208
1095		3.96325		3.96325		6.27208
1096		5.11766		3.96325		6.27208
1097		6.27208		3.96325		6.27208
1098		7.42649		3.96325		6.27208
1099		8.58091		3.96325		6.27208
1100		9.73533		3.96325		6.27208
1101		10.8897		3.96325		6.27208
1102		12.0442		3.96325		6.27208
1103		13.1986		3.96325		6.27208
1104		14.353		3.96325		6.27208
1105		15.5074		3.96325		6.27208
1106		0.5		5.11766		6.27208
1107		1.65442		5.11766		6.27208
1108		2.80883		5.11766		6.27208
1109		3.96325		5.11766		6.27208
1110		5.11766		5.11766		6.27208
1111		6.27208		5.11766		6.27208
1112		7.42649		5.11766		6.27208
1113		8.58091		5.11766		6.27208
1114		9.73533		5.11766		6.27208
1115		10.8897		5.11766		6.27208
1116		12.0442		5.11766		6.27208
1117		13.1986		5.11766		6.27208
1118		14.353		5.11766		6.27208
1119		15.5074		5.11766		6.27208
1120		0.5		6.27208		6.27208
1121		1.65442		6.27208		6.27208
1122		2.80883		6.27208		6.27208
1123		3.96325		6.27208		6.27208
1124		5.11766		6.27208		6.27208
1125		6.27208		6.27208		6.27208
1126		7.42649		6.27208		6.27208
1127		8.58091		6.27208		6.27208
1128		9.73533		6.27208		6.27208
1129		10.8897		6.27208		6.27208
1130		12.0442		6.27208		6.27208
1131		13.1986		6.27208		6.27208
1132		14.353		6.27208		6.27208
1133		15.5074		6.27208		6.27208
1134		0.5		7.42649		6.27208
1135		1.65442		7.42649		6.27208
1136		2.80883		7.42649		6.27208
1137		3.96325		7.42649		6.27208
1138		5.11766		7.42649		6.27208
1139		6.27208		7.42649		6.27208
1140		7.42649		7.42649		6.27208
1141		8.58091		7.42649		6.27208
1142		9.73533		7.42649		6.27208
1143		10.8897		7.42649		6.27208
1144		12.0442		7.42649		6.27208
1145		13.1986		7.42649		6.27208
1146		14.353		7.42649		6.27208
1147		15.5074		7.42649		6.27208
1148		0.5		8.58091		6.27208
1149		1.65442		8.58091		6.27208
1150		2.80883		8.58091		6.27208
1151		3.96325		8.58091		6.27208
1152		5.11766		8.58091		6.27208
1153		6.27208		8.58091		6.27208
1154		7.42649		8.58091		6.27208
1155		8.58091		8.58091		6.27208
1156		9.73533		8.58091		6.27208
1157		10.8897		8.58091		6.27208
1158		12.0442		8.58091		6.27208
1159		13.1986		8.58091		6.27208
1160		14.353		8.58091		6.27208
1161		15.5074		8.58091		6.27208
1162		0.5		9.73533		6.27208
1163		1.65442		9.73533		6.27208
1164		2.80883		9.73533		6.27208
1165		3.96325		9.73533		6.27208
1166		5.11766		9.73533		6.27208
1167		6.27208		9.73533		6.27208
1168		7.42649		9.73533		6.27208
1169		8.58091		9.73533		6.27208
1170		9.73533		9.73533		6.27208
1171		10.8897		9.73533		6.27208
1172		12.0442		9.73533		6.27208
1173		13.1986		9.73533		6.27208
1174		14.353		9.73533		6.27208
1175		15.5074		9.73533		6.27208
1176		0.5		10.8897		6.27208
1177		1.65442		10.8897		6.27208
1178		2.80883		10.8897		6.27208
1179		3.96325		10.8897		6.27208
1180		5.11766		10.8897		6.27208
1181		6.27208		10.8897		6.27208
1182		7.42649		10.8897		6.27208
1183		8.58091		10.8897		6.27208
1184		9.73533		10.8897		6.27208
1185		10.8897		10.8897		6.27208
1186		12.0442		10.8897		6.27208
1187		13.1986		10.8897		6.27208
1188		14.353		10.8897		6.27208
1189		15.5074		10.8897		6.27208
1190		0.5		12.0442		6.27208
1191		1.65442		12.0442		6.27208
1192		2.80883		12.0442		6.27208
1193		3.96325		12.0442		6.27208
1194		5.11766		12.0442		6.27208
1195		6.27208		12.0442		6.27208
1196		7.42649		12.0442		6.27208
1197		8.58091		12.0442		6.27208
1198		9.73533		12.0442		6.27208
1199		10.8897		12.0442		6.27208
1200		12.0442		12.0442		6.27208
1201		13.1986		12.0442		6.27208
1202		14.353		12.0442		6.27208
1203		15.5074		12.0442		6.27208
1204		0.5		13.1986		6.27208
1205		1.65442		13.1986		6.27208
1206		2.80883		13.1986		6.27208
1207		3.96325		13.1986		6.27208
1208		5.11766		13.1986		6.27208
1209		6.27208		13.1986		6.27208
1210		7.42649		13.1986		6.27208
1211		8.58091		13.1986		6.27208
1212		9.73533		13.1986		6.27208
1213		10.8897		13.1986		6.27208
1214		12.0442		13.1986		6.27208
1215		13.1986		13.1986		6.27208
1216		14.353		13.1986		6.27208
1217		15.5074		13.1986		6.27208
1218		0.5		14.353		6.27208
1219		1.65442		14.353		6.27208
1220		2.80883		14.353		6.27208
1221		3.96325		14.353		6.27208
1222		5.11766		14.353		6.27208
1223		6.27208		14.353		6.27208
1224		7.42649		14.353		6.27208
1225		8.58091		14.353		6.27208
1226		9.73533		14.353		6.27208
1227		10.8897		14.353		6.27208
1228		12.0442		14.353		6.27208
1229		13.1986		14.353		6.27208
1230		14.353		14.353		6.27208
1231		15.5074		14.353		6.27208
1232		0.5		15.5074		6.27208
1233		1.65442		15.5074		6.27208
1234		2.80883		15.5074		6.27208
1235		3.96325		15.5074		6.27208
1236		5.11766		15.5074		6.27208
1237		6.27208		15.5074		6.27208
1238		7.42649		15.5074		6.27208
1239		8.58091		15.5074		6.27208
1240		9.73533		15.5074		6.27208
1241		10.8897		15.5074		6.27208
1242		12.0442		15.5074		6.27208
1243		13.1986		15.5074		6.27208
1244		14.353		15.5074		6.27208
1245		15.5074		15.5074		6.27208
1246		0.5		16.6618		6.27208
1247		1.65442		16.6618		6.27208
1248		2.80883		16.6618		6.27208
1249		3.96325		16.6618		6.27208
1250		5.11766		16.6618		6.27208
1251		6.27208		16.6618		6.27208
1252		7.42649		16.6618		6.27208
1253		8.58091		16.6618		6.27208
1254		9.73533		16.6618		6.27208
1255		10.8897		16.6618		6.27208
1256		12.0442		16.6618		6.27208
1257		13.1986		16.6618		6.27208
1258		14.353		16.6618		6.27208
1259		15.5074		16.6618		6.27208
1260		0.5		0.5		7.42649
1261		1.65442		0.5		7.42649
1262		2.80883		0.5		7.42649
1263		3.96325		0.5		7.42649
1264		5.11766		0.5		7.42649
1265		6.27208		0.5		7.42649
1266		7.42649		0.5		7.42649
1267		8.58091		0.5		7.42649
1268		9.73533		0.5		7.42649
1269		10.8897		0.5		7.42649
1270		12.0442		0.5		7.42649
1271		13.1986		0.5		7.42649
1272		14.353		0.5		7.42649
1273		15.5074		0.5		7.42649
1274		0.5		1.65442		7.42649
1275		1.65442		1.65442		7.42649
1276		2.80883		1.65442		7.42649
1277		3.96325		1.65442		7.42649
1278		5.11766		1.65442		7.42649
1279		6.27208		1.65442		7.42649
1280		7.42649		1.65442		7.42649
1281		8.58091		1.65442		7.42649
1282		9.73533		1.65442		7.42649
1283		10.8897		1.65442		7.42649
1284		12.0442		1.65442		7.42649
1285		13.1986		1.65442		7.42649
1286		14.353		1.65442		7.42649
1287		15.5074		1.65442		7.42649
1288		0.5		2.80883		7.42649
1289		1.65442		2.80883		7.42649
1290		2.80883		2.80883		7.42649
1291		3.96325		2.80883		7.42649
1292		5.11766		2.80883		7.42649
1293		6.27208		2.80883		7.42649
1294		7.42649		2.80883		7.42649
1295		8.58091		2.80883		7.42649
1296		9.73533		2.80883		7.42649
1297		10.8897		2.80883		7.42649
1298		12.0442		2.80883		7.42649
1299		13.1986		2.80883		7.42649
1300		14.353		2.80883		7.42649
1301		15.5074		2.80883		7.42649
1302		0.5		3.96325		7.42649
1303		1.65442		3.96325		7.42649
1304		2.80883		3.96325		7.42649
1305		3.96325		3.96325		7.42649
1306		5.11766		3.96325		7.42649
1307		6.27208		3.96325		7.42649
1308		7.42649		3.96325		7.42649
1309		8.58091		3.96325		7.42649
1310		9.73533		3.96325		7.42649
1311		10.8897		3.96325		7.42649
1312		12.0442		3.96325		7.42649
1313		13.1986		3.96325		7.42649
1314		14.353		3.96325		7.42649
1315		15.5074		3.96325		7.42649
1316		0.5		5.11766		7.42649
1317		1.65442		5.11766		7.42649
1318		2.80883		5.11766		7.42649
1319		3.96325		5.11766		7.42649
1320		5.11766		5.11766		7.42649
1321		6.27208		5.11766		7.42649
1322		7.42649		5.11766		7.42649
1323		8.58091		5.11766		7.42649
1324		9.73533		5.11766		7.42649
1325		10.8897		5.11766		7.42649
1326		12.0442		5.11766		7.42649
1327		13.1986		5.11766		7.42649
1328		14.353		5.11766		7.42649
1329		15.5074		5.11766		7.42649
1330		0.5		6.27208		7.42649
1331		1.65442		6.27208		7.42649
1332		2.80883		6.27208		7.42649
1333		3.96325		6.27208		7.42649
1334		5.11766		6.27208		7.42649
1335		6.27208		6.27208		7.42649
1336		7.42649		6.27208		7.42649
1337		8.58091		6.27208		7.42649
1338		9.73533		6.27208		7.42649
1339		10.8897		6.27208		7.42649
1340		12.0442		6.27208		7.42649
1341		13.1986		6.27208		7.42649
1342		14.353		6.27208		7.42649
1343		15.5074		6.27208		7.42649
1344		0.5		7.42649		7.42649
1345		1.65442		7.42649		7.42649
1346		2.80883		7.42649		7.42649
1347		3.96325		7.42649		7.42649
1348		5.11766		7.42649		7.42649
1349		6.27208		7.42649		7.42649
1350		7.42649		7.42649		7.42649
1351		8.58091		7.42649		7.42649
1352		9.73533		7.42649		7.42649
1353		10.8897		7.42649		7.42649
1354		12.0442		7.42649		7.42649
1355		13.1986		7.42649		7.42649
1356		14.353		7.42649		7.42649
1357		15.5074		7.42649		7.42649
1358		0.5		8.58091		7.42649
1359		1.65442		8.58091		7.42649
1360		2.80883		8.58091		7.42649
1361		3.96325		8.58091		7.42649
1362		5.11766		8.58091		7.42649
1363		6.27208		8.58091		7.42649
1364		7.42649		8.58091		7.42649
1365		8.58091		8.58091		7.42649
1366		9.73533		8.58091		7.42649
1367		10.8897		8.58091		7.42649
1368		12.0442		8.58091		7.42649
1369		13.1986		8.58091		7.42649
1370		14.353		8.58091		7.42649
1371		15.5074		8.58091		7.42649
1372		0.5		9.73533		7.42649
1373		1.65442		9.73533		7.42649
1374		2.80883		9.73533		7.42649
1375		3.96325		9.73533		7.42649
1376		5.11766		9.73533		7.42649
1377		6.27208		9.73533		7.42649
1378		7.42649		9.73533		7.42649
1379		8.58091		9.73533		7.42649
1380		9.73533		9.73533		7.42649
1381		10.8897		9.73533		7.42649
1382		12.0442		9.73533		7.42649
1383		13.1986		9.73533		7.42649
1384		14.353		9.73533		7.42649
1385		15.5074		9.73533		7.42649
1386		0.5		10.8897		7.42649
1387		1.65442		10.8897		7.42649
1388		2.80883		10.8897		7.42649
1389		3.96325		10.8897		7.42649
1390		5.11766		10.8897		7.42649
1391		6.27208		10.8897		7.42649
1392		7.42649		10.8897		7.42649
1393		8.58091		10.8897		7.42649
1394		9.73533		10.8897		7.42649
1395		10.8897		10.8897		7.42649
1396		12.0442		10.8897		7.42649
1397		13.1986		10.8897		7.42649
1398		14.353		10.8897		7.42649
1399		15.5074		10.8897		7.42649
1400		0.5		12.0442		7.42649
1401		1.65442		12.0442		7.42649
1402		2.80883		12.0442		7.42649
1403		3.96325		12.0442		7.42649
1404		5.11766		12.0442		7.42649
1405		6.27208		12.0442		7.42649
1406		7.42649		12.0442		7.42649
1407		8.58091		12.0442		7.42649
1408		9.73533		12.0442		7.42649
1409		10.8897		12.0442		7.42649
1410		12.0442		12.0442		7.42649
1411		13.1986		12.0442		7.42649
1412		14.353		12.0442		7.42649
1413		15.5074		12.0442		7.42649
1414		0.5		13.1986		7.42649
1415		1.65442		13.1986		7.42649
1416		2.80883		13.1986		7.42649
1417		3.96325		13.1986		7.42649
1418		5.11766		13.1986		7.42649
1419		6.27208		13.1986		7.42649
1420		7.42649		13.1986		7.42649
1421		8.58091		13.1986		7.42649
1422		9.73533		13.1986		7.42649
1423		10.8897		13.1986		7.42649
1424		12.0442		13.1986		7.42649
1425		13.1986		13.1986		7.42649
1426		14.353		13.1986		7.42649
1427		15.5074		13.1986		7.42649
1428		0.5		14.353		7.42649
1429		1.65442		14.353		7.42649
1430		2.80883		14.353		7.42649
1431		3.96325		14.353		7.42649
1432		5.11766		14.353		7.42649
1433		6.27208		14.353		7.42649
1434		7.42649		14.353		7.42649
1435		8.58091		14.353		7.42649
1436		9.73533		14.353		7.42649
1437		10.8897		14.353		7.42649
1438		12.0442		14.353		7.42649
1439		13.1986		14.353		7.42649
1440		14.353		14.353		7.42649
1441		15.5074		14.353		7.42649
1442		0.5		15.5074		7.42649
1443		1.65442		15.5074		7.42649
1444		2.80883		15.5074		7.42649
1445		3.96325		15.5074		7.42649
1446		5.11766		15.5074		7.42649
1447		6.27208		15.5074		7.42649
1448		7.42649		15.5074		7.42649
1449		8.58091		15.5074		7.42649
1450		9.73533		15.5074		7.42649
1451		10.8897		15.5074		7.42649
1452		12.0442		15.5074		7.42649
1453		13.1986		15.5074		7.42649
1454		14.353		15.5074		7.42649
1455		15.5074		15.5074		7.42649
1456		0.5		16.6618		7.42649
1457		1.65442		16.6618		7.42649
1458		2.80883		16.6618		7.42649
1459		3.96325		16.6618		7.42649
1460		5.11766		16.6618		7.42649
1461		6.27208		16.6618		7.42649
1462		7.42649		16.6618		7.42649
1463		8.58091		16.6618		7.42649
1464		9.73533		16.6618		7.42649
1465		10.8897		16.6618		7.42649
1466		12.0442		16.6618		7.42649
1467		13.1986		16.6618		7.42649
1468		14.353		16.6618		7.42649
1469		15.5074		16.6618		7.42649
1470		0.5		0.5		8.58091
1471		1.65442		0.5		8.58091
1472		2.80883		0.5		8.58091
1473		3.96325		0.5		8.58091
1474		5.11766		0.5		8.58091
1475		6.27208		0.5		8.58091
1476		7.42649		0.5		8.58091
1477		8.58091		0.5		8.58091
1478		9.73533		0.5		8.58091
1479		10.8897		0.5		8.58091
1480		12.0442		0.5		8.58091
1481		13.1986		0.5		8.58091
1482		14.353		0.5		8.58091
1483		15.5074		0.5		8.58091
1484		0.5		1.65442		8.58091
1485		1.65442		1.65442		8.58091
1486		2.80883		1.65442		8.58091
1487		3.96325		1.65442		8.58091
1488		5.11766		1.65442		8.58091
1489		6.27208		1.65442		8.58091
1490		7.42649		1.65442		8.58091
1491		8.58091		1.65442		8.58091
1492		9.73533		1.65442		8.58091
1493		10.8897		1.65442		8.58091
1494		12.0442		1.65442		8.58091
1495		13.1986		1.65442		8.58091
1496		14.353		1.65442		8.58091
1497		15.5074		1.65442		8.58091
1498		0.5		2.80883		8.58091
1499		1.65442		2.80883		8.58091
1500		2.80883		2.80883		8.58091
1501		3.96325		2.80883		8.58091
1502		5.11766		2.80883		8.58091
1503		6.27208		2.80883		8.58091
1504		7.42649		2.80883		8.58091
1505		8.58091		2.80883		8.58091
1506		9.73533		2.80883		8.58091
1507		10.8897		2.80883		8.58091
1508		12.0442		2.80883		8.58091
1509		13.1986		2.80883		8.58091
1510		14.353		2.80883		8.58091
1511		15.5074		2.80883		8.58091
1512		0.5		3.96325		8.58091
1513		1.65442		3.96325		8.58091
1514		2.80883		3.96325		8.58091
1515		3.96325		3.96325		8.58091
1516		5.11766		3.96325		8.58091
1517		6.27208		3.96325		8.58091
1518		7.42649		3.96325		8.58091
1519		8.58091		3.96325		8.58091
1520		9.73533		3.96325		8.58091
1521		10.8897		3.96325		8.58091
1522		12.0442		3.96325		8.58091
1523		13.1986		3.96325		8.58091
1524		14.353		3.96325		8.58091
1525		15.5074		3.96325		8.58091
1526		0.5		5.11766		8.58091
1527		1.65442		5.11766		8.58091
1528		2.80883		5.11766		8.58091
1529		3.96325		5.11766		8.58091
1530		5.11766		5.11766		8.58091
1531		6.27208		5.11766		8.58091
1532		7.42649		5.11766		8.58091
1533		8.58091		5.11766		8.58091
1534		9.73533		5.11766		8.58091
1535		10.8897		5.11766		8.58091
1536		12.0442		5.11766		8.58091
1537		13.1986		5.11766		8.58091
1538		14.353		5.11766		8.58091
1539		15.5074		5.11766		8.58091
1540		0.5		6.27208		8.58091
1541		1.65442		6.27208		8.58091
1542		2.80883		6.27208		8.58091
1543		3.96325		6.27208		8.58091
1544		5.11766		6.27208		8.58091
1545		6.27208		6.27208		8.58091
1546		7.42649		6.27208		8.58091
1547		8.58091		6.27208		8.58091
1548		9.73533		6.27208		8.58091
1549		10.8897		6.27208		8.58091
1550		12.0442		6.27208		8.58091
1551		13.1986		6.27208		8.58091
1552		14.353		6.27208		8.58091
1553		15.5074		6.27208		8.58091
1554		0.5		7.42649		8.58091
1555		1.65442		7.42649		8.58091
1556		2.80883		7.42649		8.58091
1557		3.96325		7.42649		8.58091
1558		5.11766		7.42649		8.58091
1559		6.27208		7.42649		8.58091
1560		7.42649		7.42649		8.58091
1561		8.58091		7.42649		8.58091
1562		9.73533		7.42649		8.58091
1563		10.8897		7.42649		8.58091
1564		12.0442		7.42649		8.58091
1565		13.1986		7.42649		8.58091
1566		14.353		7.42649		8.58091
1567		15.5074		7.42649		8.58091
1568		0.5		8.58091		8.58091
1569		1.65442		8.58091		8.58091
1570		2.80883		8.58091		8.58091
1571		3.96325		8.58091		8.58091
1572		5.11766		8.58091		8.58091
1573		6.27208		8.58091		8.58091
1574		7.42649		8.58091		8.58091
1575		8.58091		8.58091		8.58091
1576		9.73533		8.58091		8.58091
1577		10.8897		8.58091		8.58091
1578		12.0442		8.58091		8.58091
1579		13.1986		8.58091		8.58091
1580		14.353		8.58091		8.58091
1581		15.5074		8.58091		8.58091
1582		0.5		9.73533		8.58091
1583		1.65442		9.73533		8.58091
1584		2.80883		9.73533		8.58091
1585		3.96325		9.73533		8.58091
1586		5.11766		9.73533		8.58091
1587		6.27208		9.73533		8.58091
1588		7.42649		9.73533		8.58091
1589		8.58091		9.73533		8.58091
1590		9.73533		9.73533		8.58091
1591		10.8897		9.73533		8.58091
1592		12.0442		9.73533		8.58091
1593		13.1986		9.73533		8.58091
1594		14.353		9.73533		8.58091
1595		15.5074		9.73533		8.58091
1596		0.5		10.8897		8.58091
1597		1.65442		10.8897		8.58091
1598		2.80883		10.8897		8.58091
1599		3.96325		10.8897		8.58091
1600		5.11766		10.8897		8.58091
1601		6.27208		10.8897		8.58091
1602		7.42649		10.8897		8.58091
1603		8.58091		10.8897		8.58091
1604		9.73533		10.8897		8.58091
1605		10.8897		10.8897		8.58091
1606		12.0442		10.8897		8.58091
1607		13.1986		10.8897		8.58091
1608		14.353		10.8897		8.58091
1609		15.5074		10.8897		8.58091
1610		0.5		12.0442		8.58091
1611		1.65442		12.0442		8.58091
1612		2.80883		12.0442		8.58091
1613		3.96325		12.0442		8.58091
1614		5.11766		12.0442		8.58091
1615		6.27208		12.0442		8.58091
1616		7.42649		12.0442		8.58091
1617		8.58091		12.0442		8.58091
1618		9.73533		12.0442		8.58091
1619		10.8897		12.0442		8.58091
1620		12.0442		12.0442		8.58091
1621		13.1986		12.0442		8.58091
1622		14.353		12.0442		8.58091
1623		15.5074		12.0442		8.58091
1624		0.5		13.1986		8.58091
1625		1.65442		13.1986		8.58091
1626		2.80883		13.1986		8.58091
1627		3.96325		13.1986		8.58091
1628		5.11766		13.1986		8.58091
1629		6.27208		13.1986		8.58091
1630		7.42649		13.1986		8.58091
1631		8.58091		13.1986		8.58091
1632		9.73533		13.1986		8.58091
1633		10.8897		13.1986		8.58091
1634		12.0442		13.1986		8.58091
1635		13.1986		13.1986		8.58091
1636		14.353		13.1986		8.58091
1637		15.5074		13.1986		8.58091
1638		0.5		14.353		8.58091
1639		1.65442		14.353		8.58091
1640		2.80883		14.353		8.58091
1641		3.96325		14.353		8.58091
1642		5.11766		14.353		8.58091
1643		6.27208		14.353		8.58091
1644		7.42649		14.353		8.58091
1645		8.58091		14.353		8.58091
1646		9.73533		14.353		8.58091
1647		10.8897		14.353		8.58091
1648		12.0442		14.353		8.58091
1649		13.1986		14.353		8.58091
1650		14.353		14.353		8.58091
1651		15.5074		14.353		8.58091
1652		0.5		15.5074		8.58091
1653		1.65442		15.5074		8.58091
1654		2.80883		15.5074		8.58091
1655		3.96325		15.5074		8.58091
1656		5.11766		15.5074		8.58091
1657		6.27208		15.5074		8.58091
1658		7.42649		15.5074		8.58091
1659		8.58091		15.5074		8.58091
1660		9.73533		15.5074		8.58091
1661		10.8897		15.5074		8.58091
1662		12.0442		15.5074		8.58091
1663		13.1986		15.5074		8.58091
1664		14.353		15.5074		8.58091
1665		15.5074		15.5074		8.58091
1666		0.5		16.6618		8.58091
1667		1.65442		16.6618		8.58091
1668		2.80883		16.6618		8.58091
1669		3.96325		16.6618		8.58091
1670		5.11766		16.6618		8.58091
1671		6.27208		16.6618		8.58091
1672		7.42649		16.6618		8.58091
1673		8.58091		16.6618		8.58091
1674		9.73533		16.6618		8.58091
1675		10.8897		16.6618		8.58091
1676		12.0442		16.6618		8.58091
1677		13.1986		16.6618		8.58091
1678		14.353		16.6618		8.58091
1679		15.5074		16.6618		8.58091
1680		0.5		0.5		9.73533
1681		1.65442		0.5		9.73533
1682		2.80883		0.5		9.73533
1683		3.96325		0.5		9.73533
1684		5.11766		0.5		9.73533
1685		6.27208		0.5		9.73533
1686		7.42649		0.5		9.73533
1687		8.58091		0.5		9.73533
1688		9.73533		0.5		9.73533
1689		10.8897		0.5		9.73533
1690		12.0442		0.5		9.73533
1691		13.1986		0.5		9.73533
1692		14.353		0.5		9.73533
1693		15.5074		0.5		9.73533
1694		0.5		1.65442		9.73533
1695		1.65442		1.65442		9.73533
1696		2.80883		1.65442		9.73533
1697		3.96325		1.65442		9.73533
1698		5.11766		1.65442		9.73533
1699		6.27208		1.65442		9.73533
1700		7.42649		1.65442		9.73533
1701		8.58091		1.65442		9.73533
1702		9.73533		1.65442		9.73533
1703		10.8897		1.65442		9.73533
1704		12.0442		1.65442		9.73533
1705		13.1986		1.65442		9.73533
1706		14.353		1.65442		9.73533
1707		15.5074		1.65442		9.73533
1708		0.5		2.80883		9.73533
1709		1.65442		2.80883		9.73533
1710		2.80883		2.80883		9.73533
1711		3.96325		2.80883		9.73533
1712		5.11766		2.80883		9.73533
1713		6.27208		2.80883		9.73533
1714		7.42649		2.80883		9.73533
1715		8.58091		2.80883		9.73533
1716		9.73533		2.80883		9.73533
1717		10.8897		2.80883		9.73533
1718		12.0442		2.80883		9.73533
1719		13.1986		2.80883		9.73533
1720		14.353		2.80883		9.73533
1721		15.5074		2.80883		9.73533
1722		0.5		3.96325		9.73533
1723		1.65442		3.96325		9.73533
1724		2.80883		3.96325		9.73533
1725		3.96325		3.96325		9.73533
1726		5.11766		3.96325		9.73533
1727		6.27208		3.96325		9.73533
1728		7.42649		3.96325		9.73533
1729		8.58091		3.96325		9.73533
1730		9.73533		3.96325		9.73533
1731		10.8897		3.96325		9.73533
1732		12.0442		3.96325		9.73533
1733		13.1986		3.96325		9.73533
1734		14.353		3.96325		9.73533
1735		15.5074		3.96325		9.73533
1736		0.5		5.11766		9.73533
1737		1.65442		5.11766		9.73533
1738		2.80883		5.11766		9.73533
1739		3.96325		5.11766		9.73533
1740		5.11766		5.11766		9.73533
1741		6.27208		5.11766		9.73533
1742		7.42649		5.11766		9.73533
1743		8.58091		5.11766		9.73533
1744		9.73533		5.11766		9.73533
1745		10.8897		5.11766		9.73533
1746		12.0442		5.11766		9.73533
1747		13.1986		5.11766		9.73533
1748		14.353		5.11766		9.73533
1749		15.5074		5.11766		9.73533
1750		0.5		6.27208		9.73533
1751		1.65442		6.27208		9.73533
1752		2.80883		6.27208		9.73533
1753		3.96325		6.27208		9.73533
1754		5.11766		6.27208		9.73533
1755		6.27208		6.27208		9.73533
1756		7.42649		6.27208		9.73533
1757		8.58091		6.27208		9.73533
1758		9.73533		6.27208		9.73533
1759		10.8897		6.27208		9.73533
1760		12.0442		6.27208		9.73533
1761		13.1986		6.27208		9.73533
1762		14.353		6.27208		9.73533
1763		15.5074		6.27208		9.73533
1764		0.5		7.42649		9.73533
1765		1.65442		7.42649		9.73533
1766		2.80883		7.42649		9.73533
1767		3.96325		7.42649		9.73533
1768		5.11766		7.42649		9.73533
1769		6.27208		7.42649		9.73533
1770		7.42649		7.42649		9.73533
1771		8.58091		7.42649		9.73533
1772		9.73533		7.42649		9.73533
1773		10.8897		7.42649		9.73533
1774		12.0442		7.42649		9.73533
1775		13.1986		7.42649		9.73533
1776		14.353		7.42649		9.73533
1777		15.5074		7.42649		9.73533
1778		0.5		8.58091		9.73533
1779		1.65442		8.58091		9.73533
1780		2.80883		8.58091		9.73533
1781		3.96325		8.58091		9.73533
1782		5.11766		8.58091		9.73533
1783		6.27208		8.58091		9.73533
1784		7.42649		8.58091		9.73533
1785		8.58091		8.58091		9.73533
1786		9.73533		8.58091		9.73533
1787		10.8897		8.58091		9.73533
1788		12.0442		8.58091		9.73533
1789		13.1986		8.58091		9.73533
1790		14.353		8.58091		9.73533
1791		15.5074		8.58091		9.73533
1792		0.5		9.73533		9.73533
1793		1.65442		9.73533		9.73533
1794		2.80883		9.73533		9.73533
1795		3.96325		9.73533		9.73533
1796		5.11766		9.73533		9.73533
1797		6.27208		9.73533		9.73533
1798		7.42649		9.73533		9.73533
1799		8.58091		9.73533		9.73533
1800		9.73533		9.73533		9.73533
1801		10.8897		9.73533		9.73533
1802		12.0442		9.73533		9.73533
1803		13.1986		9.73533		9.73533
1804		14.353		9.73533		9.73533
1805		15.5074		9.73533		9.73533
1806		0.5		10.8897		9.73533
1807		1.65442		10.8897		9.73533
1808		2.80883		10.8897		9.73533
1809		3.96325		10.8897		9.73533
1810		5.11766		10.8897		9.73533
1811		6.27208		10.8897		9.73533
1812		7.42649		10.8897		9.73533
1813		8.58091		10.8897		9.73533
1814		9.73533		10.8897		9.73533
1815		10.8897		10.8897		9.73533
1816		12.0442		10.8897		9.73533
1817		13.1986		10.8897		9.73533
1818		14.353		10.8897		9.73533
1819		15.5074		10.8897		9.73533
1820		0.5		12.0442		9.73533
1821		1.65442		12.0442		9.73533
1822		2.80883		12.0442		9.73533
1823		3.96325		12.0442		9.73533
1824		5.11766		12.0442		9.73533
1825		6.27208		12.0442		9.73533
1826		7.42649		12.0442		9.73533
1827		8.58091		12.0442		9.73533
1828		9.73533		12.0442		9.73533
1829		10.8897		12.0442		9.73533
1830		12.0442		12.0442		9.73533
1831		13.1986		12.0442		9.73533
1832		14.353		12.0442		9.73533
1833		15.5074		12.0442		9.73533
1834		0.5		13.1986		9.73533
1835		1.65442		13.1986		9.73533
1836		2.80883		13.1986		9.73533
1837		3.96325		13.1986		9.73533
1838		5.11766		13.1986		9.73533
1839		6.27208		13.1986		9.73533
1840		7.42649		13.1986		9.73533
1841		8.58091		13.1986		9.73533
1842		9.73533		13.1986		9.73533
1843		10.8897		13.1986		9.73533
1844		12.0442		13.1986		9.73533
1845		13.1986		13.1986		9.73533
1846		14.353		13.1986		9.73533
1847		15.5074		13.1986		9.73533
1848		0.5		14.353		9.73533
1849		1.65442		14.353		9.73533
1850		2.80883		14.353		9.73533
1851		3.96325		14.353		9.73533
1852		5.11766		14.353		9.73533
1853		6.27208		14.353		9.73533
1854		7.42649		14.353		9.73533
1855		8.58091		14.353		9.73533
1856		9.73533		14.353		9.73533
1857		10.8897		14.353		9.73533
1858		12.0442		14.353		9.73533
1859		13.1986		14.353		9.73533
1860		14.353		14.353		9.73533
1861		15.5074		14.353		9.73533
1862		0.5		15.5074		9.73533
1863		1.65442		15.5074		9.73533
1864		2.80883		15.5074		9.73533
1865		3.96325		15.5074		9.73533
1866		5.11766		15.5074		9.73533
1867		6.27208		15.5074		9.73533
1868		7.42649		15.5074		9.73533
1869		8.58091		15.5074		9.73533
1870		9.73533		15.5074		9.73533
1871		10.8897		15.5074		9.73533
1872		12.0442		15.5074		9.73533
1873		13.1986		15.5074		9.73533
1874		14.353		15.5074		9.73533
1875		15.5074		15.5074		9.73533
1876		0.5		16.6618		9.73533
1877		1.65442		16.6618		9.73533
1878		2.80883		16.6618		9.73533
1879		3.96325		16.6618		9.73533
1880		5.11766		16.6618		9.73533
1881		6.27208		16.6618		9.73533
1882		7.42649		16.6618		9.73533
1883		8.58091		16.6618		9.73533
1884		9.73533		16.6618		9.73533
1885		10.8897		16.6618		9.73533
1886		12.0442		16.6618		9.73533
1887		13.1986		16.6618		9.73533
1888		14.353		16.6618		9.73533
1889		15.5074		16.6618		9.73533
1890		0.5		0.5		10.8897
1891		1.65442		0.5		10.8897
1892		2.80883		0.5		10.8897
1893		3.96325		0.5		10.8897
1894		5.11766		0.5		10.8897
1895		6.27208		0.5		10.8897
1896		7.42649		0.5		10.8897
1897		8.58091		0.5		10.8897
1898		9.73533		0.5		10.8897
1899		10.8897		0.5		10.8897
1900		12.0442		0.5		10.8897
1901		13.1986		0.5		10.8897
1902		14.353		0.5		10.8897
1903		15.5074		0.5		10.8897
1904		0.5		1.65442		10.8897
1905		1.65442		1.65442		10.8897
1906		2.80883		1.65442		10.8897
1907		3.96325		1.65442		10.8897
1908		5.11766		1.65442		10.8897
1909		6.27208		1.65442		10.8897
1910		7.42649		1.65442		10.8897
1911		8.58091		1.65442		10.8897
1912		9.73533		1.65442		10.8897
1913		10.8897		1.65442		10.8897
1914		12.0442		1.65442		10.8897
1915		13.1986		1.65442		10.8897
1916		14.353		1.65442		10.8897
1917		15.5074		1.65442		10.8897
1918		0.5		2.80883		10.8897
1919		1.65442		2.80883		10.8897
1920		2.80883		2.80883		10.8897
1921		3.96325		2.80883		10.8897
1922		5.11766		2.80883		10.8897
1923		6.27208		2.80883		10.8897
1924		7.42649		2.80883		10.8897
1925		8.58091		2.80883		10.8897
1926		9.73533		2.80883		10.8897
1927		10.8897		2.80883		10.8897
1928		12.0442		2.80883		10.8897
1929		13.1986		2.80883		10.8897
1930		14.353		2.80883		10.8897
1931		15.5074		2.80883		10.8897
1932		0.5		3.96325		10.8897
1933		1.65442		3.96325		10.8897
1934		2.80883		3.96325		10.8897
1935		3.96325		3.96325		10.8897
1936		5.11766		3.96325		10.8897
1937		6.27208		3.96325		10.8897
1938		7.42649		3.96325		10.8897
1939		8.58091		3.96325		10.8897
1940		9.73533		3.96325		10.8897
1941		10.8897		3.96325		10.8897
1942		12.0442		3.96325		10.8897
1943		13.1986		3.96325		10.8897
1944		14.353		3.96325		10.8897
1945		15.5074		3.96325		10.8897
1946		0.5		5.11766		10.8897
1947		1.65442		5.11766		10.8897
1948		2.80883		5.11766		10.8897
1949		3.96325		5.11766		10.8897
1950		5.11766		5.11766		10.8897
1951		6.27208		5.11766		10.8897
1952		7.42649		5.11766		10.8897
1953		8.58091		5.11766		10.8897
1954		9.73533		5.11766		10.8897
1955		10.8897		5.11766		10.8897
1956		12.0442		5.11766		10.8897
1957		13.1986		5.11766		10.8897
1958		14.353		5.11766		10.8897
1959		15.5074		5.11766		10.8897
1960		0.5		6.27208		10.8897
1961		1.65442		6.27208		10.8897
1962		2.80883		6.27208		10.8897
1963		3.96325		6.27208		10.8897
1964		5.11766		6.27208		10.8897
1965		6.27208		6.27208		10.8897
1966		7.42649		6.27208		10.8897
1967		8.58091		6.27208		10.8897
1968		9.73533		6.27208		10.8897
1969		10.8897		6.27208		10.8897
1970		12.0442		6.27208		10.8897
1971		13.1986		6.27208		10.8897
1972		14.353		6.27208		10.8897
1973		15.5074		6.27208		10.8897
1974		0.5		7.42649		10.8897
1975		1.65442		7.42649		10.8897
1976		2.80883		7.42649		10.8897
1977		3.96325		7.42649		10.8897
1978		5.11766		7.42649		10.8897
1979		6.27208		7.42649		10.8897
1980		7.42649		7.42649		10.8897
1981		8.58091		7.42649		10.8897
1982		9.73533		7.42649		10.8897
1983		10.8897		7.42649		10.8897
1984		12.0442		7.42649		10.8897
1985		13.1986		7.42649		10.8897
1986		14.353		7.42649		10.8897
1987		15.5074		7.42649		10.8897
1988		0.5		8.58091		10.8897
1989		1.65442		8.58091		10.8897
1990		2.80883		8.58091		10.8897
1991		3.96325		8.58091		10.8897
1992		5.11766		8.58091		10.8897
1993		6.27208		8.58091		10.8897
1994		7.42649		8.58091		10.8897
1995		8.58091		8.58091		10.8897
1996		9.73533		8.58091		10.8897
1997		10.8897		8.58091		10.8897
1998		12.0442		8.58091		10.8897
1999		13.1986		8.58091		10.8897
2000		14.353		8.58091		10.8897
2001		15.5074		8.58091		10.8897
2002		0.5		9.73533		10.8897
2003		1.65442		9.73533		10.8897
2004		2.80883		9.73533		10.8897
2005		3.96325		9.73533		10.8897
2006		5.11766		9.73533		10.8897
2007		6.27208		9.73533		10.8897
2008		7.42649		9.73533		10.8897
2009		8.58091		9.73533		10.8897
2010		9.73533		9.73533		10.8897
2011		10.8897		9.73533		10.8897
2012		12.0442		9.73533		10.8897
2013		13.1986		9.73533		10.8897
2014		14.353		9.73533		10.8897
2015		15.5074		9.73533		10.8897
2016		0.5		10.8897		10.8897
2017		1.65442		10.8897		10.8897
2018		2.80883		10.8897		10.8897
2019		3.96325		10.8897		10.8897
2020		5.11766		10.8897		10.8897
2021		6.27208		10.8897		10.8897
2022		7.42649		10.8897		10.8897
2023		8.58091		10.8897		10.8897
2024		9.73533		10.8897		10.8897
2025		10.8897		10.8897		10.8897
2026		12.0442		10.8897		10.8897
2027		13.1986		10.8897		10.8897
2028		14.353		10.8897		10.8897
2029		15.5074		10.8897		10.8897
2030		0.5		12.0442		10.8897
2031		1.65442		12.0442		10.8897
2032		2.80883		12.0442		10.8897
2033		3.96325		12.0442		10.8897
2034		5.11766		12.0442		10.8897
2035		6.27208		12.0442		10.8897
2036		7.42649		12.0442		10.8897
2037		8.58091		12.0442		10.8897
2038		9.73533		12.0442		10.8897
2039		10.8897		12.0442		10.8897
2040		12.0442		12.0442		10.8897
2041		13.1986		12.0442		10.8897
2042		14.353		12.0442		10.8897
2043		15.5074		12.0442		10.8897
2044		0.5		13.1986		10.8897
2045		1.65442		13.1986		10.8897
2046		2.80883		13.1986		10.8897
2047		3.96325		13.1986		10.8897
2048		5.11766		13.1986		10.8897
2049		6.27208		13.1986		10.8897
2050		7.42649		13.1986		10.8897
2051		8.58091		13.1986		10.8897
2052		9.73533		13.1986		10.8897
2053		10.8897		13.1986		10.8897
2054		12.0442		13.1986		10.8897
2055		13.1986		13.1986		10.8897
2056		14.353		13.1986		10.8897
2057		15.5074		13.1986		10.8897
2058		0.5		14.353		10.8897
2059		1.65442		14.353		10.8897
2060		2.80883		14.353		10.8897
2061		3.96325		14.353		10.8897
2062		5.11766		14.353		10.8897
2063		6.27208		14.353		10.8897
2064		7.42649		14.353		10.8897
2065		8.58091		14.353		10.8897
2066		9.73533		14.353		10.8897
2067		10.8897		14.353		10.8897
2068		12.0442		14.353		10.8897
2069		13.1986		14.353		10.8897
2070		14.353		14.353		10.8897
2071		15.5074		14.353		10.8897
2072		0.5		15.5074		10.8897
2073		1.65442		15.5074		10.8897
2074		2.80883		15.5074		10.8897
2075		3.96325		15.5074		10.8897
2076		5.11766		15.5074		10.8897
2077		6.27208		15.5074		10.8897
2078		7.42649		15.5074		10.8897
2079		8.58091		15.5074		10.8897
2080		9.73533		15.5074		10.8897
2081		10.8897		15.5074		10.8897
2082		12.0442		15.5074		10.8897
2083		13.1986		15.5074		10.8897
2084		14.353		15.5074		10.8897
2085		15.5074		15.5074		10.8897
2086		0.5		16.6618		10.8897
2087		1.65442		16.6618		10.8897
2088		2.80883		16.6618		10.8897
2089		3.96325		16.6618		10.8897
2090		5.11766		16.6618		10.8897
2091		6.27208		16.6618		10.8897
2092		7.42649		16.6618		10.8897
2093		8.58091		16.6618		10.8897
2094		9.73533		16.6618		10.8897
2095		10.8897		16.6618		10.8897
2096		12.0442		16.6618		10.8897
2097		13.1986		16.6618		10.8897
2098		14.353		16.6618		10.8897
2099		15.5074		16.6618		10.8897
2100		0.5		0.5		12.0442
2101		1.65442		0.5		12.0442
2102		2.80883		0.5		12.0442
2103		3.96325		0.5		12.0442
2104		5.11766		0.5		12.0442
2105		6.27208		0.5		12.0442
2106		7.42649		0.5		12.0442
2107		8.58091		0.5		12.0442
2108		9.73533		0.5		12.0442
2109		10.8897		0.5		12.0442
2110		12.0442		0.5		12.0442
2111		13.1986		0.5		12.0442
2112		14.353		0.5		12.0442
2113		15.5074		0.5		12.0442
2114		0.5		1.65442		12.0442
2115		1.65442		1.65442		12.0442
2116		2.80883		1.65442		12.0442
2117		3.96325		1.65442		12.0442
2118		5.11766		1.65442		12.0442
2119		6.27208		1.65442		12.0442
2120		7.42649		1.65442		12.0442
2121		8.58091		1.65442		12.0442
2122		9.73533		1.65442		12.0442
2123		10.8897		1.65442		12.0442
2124		12.0442		1.65442		12.0442
2125		13.1986		1.65442		12.0442
2126		14.353		1.65442		12.0442
2127		15.5074		1.65442		12.0442
2128		0.5		2.80883		12.0442
2129		1.65442		2.80883		12.0442
2130		2.80883		2.80883		12.0442
2131		3.96325		2.80883		12.0442
2132		5.11766		2.80883		12.0442
2133		6.27208		2.80883		12.0442
2134		7.42649		2.80883		12.0442
2135		8.58091		2.80883		12.0442
2136		9.73533		2.80883		12.0442
2137		10.8897		2.80883		12.0442
2138		12.0442		2.80883		12.0442
2139		13.1986		2.80883		12.0442
2140		14.353		2.80883		12.0442
2141		15.5074		2.80883		12.0442
2142		0.5		3.96325		12.0442
2143		1.65442		3.96325		12.0442
2144		2.80883		3.96325		12.0442
2145		3.96325		3.96325		12.0442
2146		5.11766		3.96325		12.0442
2147		6.27208		3.96325		12.0442
2148		7.42649		3.96325		12.0442
2149		8.58091		3.96325		12.0442
2150		9.73533		3.96325		12.0442
2151		10.8897		3.96325		12.0442
2152		12.0442		3.96325		12.0442
2153		13.1986		3.96325		12.0442
2154		14.353		3.96325		12.0442
2155		15.5074		3.96325		12.0442
2156		0.5		5.11766		12.0442
2157		1.65442		5.11766		12.0442
2158		2.80883		5.11766		12.0442
2159		3.96325		5.11766		12.0442
2160		5.11766		5.11766		12.0442
2161		6.27208		5.11766		12.0442
2162		7.42649		5.11766		12.0442
2163		8.58091		5.11766		12.0442
2164		9.73533		5.11766		12.0442
2165		10.8897		5.11766		12.0442
2166		12.0442		5.11766		12.0442
2167		13.1986		5.11766		12.0442
2168		14.353		5.11766		12.0442
2169		15.5074		5.11766		12.0442
2170		0.5		6.27208		12.0442
2171		1.65442		6.27208		12.0442
2172		2.80883		6.27208		12.0442
2173		3.96325		6.27208		12.0442
2174		5.11766		6.27208		12.0442
2175		6.27208		6.27208		12.0442
2176		7.42649		6.27208		12.0442
2177		8.58091		6.27208		12.0442
2178		9.73533		6.27208		12.0442
2179		10.8897		6.27208		12.0442
2180		12.0442		6.27208		12.0442
2181		13.1986		6.27208		12.0442
2182		14.353		6.27208		12.0442
2183		15.5074		6.27208		12.0442
2184		0.5		7.42649		12.0442
2185		1.65442		7.42649		12.0442
2186		2.80883		7.42649		12.0442
2187		3.96325		7.42649		12.0442
2188		5.11766		7.42649		12.0442
2189		6.27208		7.42649		12.0442
2190		7.42649		7.42649		12.0442
2191		8.58091		7.42649		12.0442
2192		9.73533		7.42649		12.0442
2193		10.8897		7.42649		12.0442
2194		12.0442		7.42649		12.0442
2195		13.1986		7.42649		12.0442
2196		14.353		7.42649		12.0442
2197		15.5074		7.42649		12.0442
2198		0.5		8.58091		12.0442
2199		1.65442		8.58091		12.0442
2200		2.80883		8.58091		12.0442
2201		3.96325		8.58091		12.0442
2202		5.11766		8.58091		12.0442
2203		6.27208		8.58091		12.0442
2204		7.42649		8.58091		12.0442
2205		8.58091		8.58091		12.0442
2206		9.73533		8.58091		12.0442
2207		10.8897		8.58091		12.0442
2208		12.0442		8.58091		12.0442
2209		13.1986		8.58091		12.0442
2210		14.353		8.58091		12.0442
2211		15.5074		8.58091		12.0442
2212		0.5		9.73533		12.0442
2213		1.65442		9.73533		12.0442
2214		2.80883		9.73533		12.0442
2215		3.96325		9.73533		12.0442
2216		5.11766		9.73533		12.0442
2217		6.27208		9.73533		12.0442
2218		7.42649		9.73533		12.0442
2219		8.58091		9.73533		12.0442
2220		9.73533		9.73533		12.0442
2221		10.8897		9.73533		12.0442
2222		12.0442		9.73533		12.0442
2223		13.1986		9.73533		12.0442
2224		14.353		9.73533		12.0442
2225		15.5074		9.73533		12.0442
2226		0.5		10.8897		12.0442
2227		1.65442		10.8897		12.0442
2228		2.80883		10.8897		12.0442
2229		3.96325		10.8897		12.0442
2230		5.11766		10.8897		12.0442
2231		6.27208		10.8897		12.0442
2232		7.42649		10.8897		12.0442
2233		8.58091		10.8897		12.0442
2234		9.73533		10.8897		12.0442
2235		10.8897		10.8897		12.0442
2236		12.0442		10.8897		12.0442
2237		13.1986		10.8897		12.0442
2238		14.353		10.8897		12.0442
2239		15.5074		10.8897		12.0442
2240		0.5		12.0442		12.0442
2241		1.65442		12.0442		12.0442
2242		2.80883		12.0442		12.0442
2243		3.96325		12.0442		12.0442
2244		5.11766		12.0442		12.0442
2245		6.27208		12.0442		12.0442
2246		7.42649		12.0442		12.0442
2247		8.58091		12.0442		12.0442
2248		9.73533		12.0442		12.0442
2249		10.8897		12.0442		12.0442
2250		12.0442		12.0442		12.0442
2251		13.1986		12.0442		12.0442
2252		14.353		12.0442		12.0442
2253		15.5074		12.0442		12.0442
2254		0.5		13.1986		12.0442
2255		1.65442		13.1986		12.0442
2256		2.80883		13.1986		12.0442
2257		3.96325		13.1986		12.0442
2258		5.11766		13.1986		12.0442
2259		6.27208		13.1986		12.0442
2260		7.42649		13.1986		12.0442
2261		8.58091		13.1986		12.0442
2262		9.73533		13.1986		12.0442
2263		10.8897		13.1986		12.0442
2264		12.0442		13.1986		12.0442
2265		13.1986		13.1986		12.0442
2266		14.353		13.1986		12.0442
2267		15.5074		13.1986		12.0442
2268		0.5		14.353		12.0442
2269		1.65442		14.353		12.0442
2270		2.80883		14.353		12.0442
2271		3.96325		14.353		12.0442
2272		5.11766		14.353		12.0442
2273		6.27208		14.353		12.0442
2274		7.42649		14.353		12.0442
2275		8.58091		14.353		12.0442
2276		9.73533		14.353		12.0442
2277		10.8897		14.353		12.0442
2278		12.0442		14.353		12.0442
2279		13.1986		14.353		12.0442
2280		14.353		14.353		12.0442
2281		15.5074		14.353		12.0442
2282		0.5		15.5074		12.0442
2283		1.65442		15.5074		12.0442
2284		2.80883		15.5074		12.0442
2285		3.96325		15.5074		12.0442
2286		5.11766		15.5074		12.0442
2287		6.27208		15.5074		12.0442
2288		7.42649		15.5074		12.0442
2289		8.58091		15.5074		12.0442
2290		9.73533		15.5074		12.0442
2291		10.8897		15.5074		12.0442
2292		12.0442		15.5074		12.0442
2293		13.1986		15.5074		12.0442
2294		14.353		15.5074		12.0442
2295		15.5074		15.5074		12.0442
2296		0.5		16.6618		12.0442
2297		1.65442		16.6618		12.0442
2298		2.80883		16.6618		12.0442
2299		3.96325		16.6618		12.0442
2300		5.11766		16.6618		12.0442
2301		6.27208		16.6618		12.0442
2302		7.42649		16.6618		12.0442
2303		8.58091		16.6618		12.0442
2304		9.73533		16.6618		12.0442
2305		10.8897		16.6618		12.0442
2306		12.0442		16.6618		12.0442
2307		13.1986		16.6618		12.0442
2308		14.353		16.6618		12.0442
2309		15.5074		16.6618		12.0442
2310		0.5		0.5		13.1986
2311		1.65442		0.5		13.1986
2312		2.80883		0.5		13.1986
2313		3.96325		0.5		13.1986
2314		5.11766		0.5		13.1986
2315		6.27208		0.5		13.1986
2316		7.42649		0.5		13.1986
2317		8.58091		0.5		13.1986
2318		9.73533		0.5		13.1986
2319		10.8897		0.5		13.1986
2320		12.0442		0.5		13.1986
2321		13.1986		0.5		13.1986
2322		14.353		0.5		13.1986
2323		15.5074		0.5		13.1986
2324		0.5		1.65442		13.1986
2325		1.65442		1.65442		13.1986
2326		2.80883		1.65442		13.1986
2327		3.96325		1.65442		13.1986
2328		5.11766		1.65442		13.1986
2329		6.27208		1.65442		13.1986
2330		7.42649		1.65442		13.1986
2331		8.58091		1.65442		13.1986
2332		9.73533		1.65442		13.1986
2333		10.8897		1.65442		13.1986
2334		12.0442		1.65442		13.1986
2335		13.1986		1.65442		13.1986
2336		14.353		1.65442		13.1986
2337		15.5074		1.65442		13.1986
2338		0.5		2.80883		13.1986
2339		1.65442		2.80883		13.1986
2340		2.80883		2.80883		13.1986
2341		3.96325		2.80883		13.1986
2342		5.11766		2.80883		13.1986
2343		6.27208		2.80883		13.1986
2344		7.42649		2.80883		13.1986
2345		8.58091		2.80883		13.1986
2346		9.73533		2.80883		13.1986
2347		10.8897		2.80883		13.1986
2348		12.0442		2.80883		13.1986
2349		13.1986		2.80883		13.1986
2350		14.353		2.80883		13.1986
2351		15.5074		2.80883		13.1986
2352		0.5		3.96325		13.1986
2353		1.65442		3.96325		13.1986
2354		2.80883		3.96325		13.1986
2355		3.96325		3.96325		13.1986
2356		5.11766		3.96325		13.1986
2357		6.27208		3.96325		13.1986
2358		7.42649		3.96325		13.1986
2359		8.58091		3.96325		13.1986
2360		9.73533		3.96325		13.1986
2361		10.8897		3.96325		13.1986
2362		12.0442		3.96325		13.1986
2363		13.1986		3.96325		13.1986
2364		14.353		3.96325		13.1986
2365		15.5074		3.96325		13.1986
2366		0.5		5.11766		13.1986
2367		1.65442		5.11766		13.1986
2368		2.80883		5.11766		13.1986
2369		3.96325		5.11766		13.1986
2370		5.11766		5.11766		13.1986
2371		6.27208		5.11766		13.1986
2372		7.42649		5.11766		13.1986
2373		8.58091		5.11766		13.1986
2374		9.73533		5.11766		13.1986
2375		10.8897		5.11766		13.1986
2376		12.0442		5.11766		13.1986
2377		13.1986		5.11766		13.1986
2378		14.353		5.11766		13.1986
2379		15.5074		5.11766		13.1986
2380		0.5		6.27208		13.1986
2381		1.65442		6.27208		13.1986
2382		2.80883		6.27208		13.1986
2383		3.96325		6.27208		13.1986
2384		5.11766		6.27208		13.1986
2385		6.27208		6.27208		13.1986
2386		7.42649		6.27208		13.1986
2387		8.58091		6.27208		13.1986
2388		9.73533		6.27208		13.1986
2389		10.8897		6.27208		13.1986
2390		12.0442		6.27208		13.1986
2391		13.1986		6.27208		13.1986
2392		14.353		6.27208		13.1986
2393		15.5074		6.27208		13.1986
2394		0.5		7.42649		13.1986
2395		1.65442		7.42649		13.1986
2396		2.80883		7.42649		13.1986
2397		3.96325		7.42649		13.1986
2398		5.11766		7.42649		13.1986
2399		6.27208		7.42649		13.1986
2400		7.42649		7.42649		13.1986
2401		8.58091		7.42649		13.1986
2402		9.73533		7.42649		13.1986
2403		10.8897		7.42649		13.1986
2404		12.0442		7.42649		13.1986
2405		13.1986		7.42649		13.1986
2406		14.353		7.42649		13.1986
2407		15.5074		7.42649		13.1986
2408		0.5		8.58091		13.1986
2409		1.65442		8.58091		13.1986
2410		2.80883		8.58091		13.1986
2411		3.96325		8.58091		13.1986
2412		5.11766		8.58091		13.1986
2413		6.27208		8.58091		13.1986
2414		7.42649		8.58091		13.1986
2415		8.58091		8.58091		13.1986
2416		9.73533		8.58091		13.1986
2417		10.8897		8.58091		13.1986
2418		12.0442		8.58091		13.1986
2419		13.1986		8.58091		13.1986
2420		14.353		8.58091		13.1986
2421		15.5074		8.58091		13.1986
2422		0.5		9.73533		13.1986
2423		1.65442		9.73533		13.1986
2424		2.80883		9.73533		13.1986
2425		3.96325		9.73533		13.1986
2426		5.11766		9.73533		13.1986
2427		6.27208		9.73533		13.1986
2428		7.42649		9.73533		13.1986
2429		8.58091		9.73533		13.1986
2430		9.73533		9.73533		13.1986
2431		10.8897		9.73533		13.1986
2432		12.0442		9.73533		13.1986
2433		13.1986		9.73533		13.1986
2434		14.353		9.73533		13.1986
2435		15.5074		9.73533		13.1986
2436		0.5		10.8897		13.1986
2437		1.65442		10.8897		13.1986
2438		2.80883		10.8897		13.1986
2439		3.96325		10.8897		13.1986
2440		5.11766		10.8897		13.1986
2441		6.27208		10.8897		13.1986
2442		7.42649		10.8897		13.1986
2443		8.58091		10.8897		13.1986
2444		9.73533		10.8897		13.1986
2445		10.8897		10.8897		13.1986
2446		12.0442		10.8897		13.1986
2447		13.1986		10.8897		13.1986
2448		14.353		10.8897		13.1986
2449		15.5074		10.8897		13.1986
2450		0.5		12.0442		13.1986
2451		1.65442		12.0442		13.1986
2452		2.80883		12.0442		13.1986
2453		3.96325		12.0442		13.1986
2454		5.11766		12.0442		13.1986
2455		6.27208		12.0442		13.1986
2456		7.42649		12.0442		13.1986
2457		8.58091		12.0442		13.1986
2458		9.73533		12.0442		13.1986
2459		10.8897		12.0442		13.1986
2460		12.0442		12.0442		13.1986
2461		13.1986		12.0442		13.1986
2462		14.353		12.0442		13.1986
2463		15.5074		12.0442		13.1986
2464		0.5		13.1986		13.1986
2465		1.65442		13.1986		13.1986
2466		2.80883		13.1986		13.1986
2467		3.96325		13.1986		13.1986
2468		5.11766		13.1986		13.1986
2469		6.27208		13.1986		13.1986
2470		7.42649		13.1986		13.1986
2471		8.58091		13.1986		13.1986
2472		9.73533		13.1986		13.1986
2473		10.8897		13.1986		13.1986
2474		12.0442		13.1986		13.1986
2475		13.1986		13.1986		13.1986
2476		14.353		13.1986		13.1986
2477		15.5074		13.1986		13.1986
2478		0.5		14.353		13.1986
2479		1.65442		14.353		13.1986
2480		2.80883		14.353		13.1986
2481		3.96325		14.353		13.1986
2482		5.11766		14.353		13.1986
2483		6.27208		14.353		13.1986
2484		7.42649		14.353		13.1986
2485		8.58091		14.353		13.1986
2486		9.73533		14.353		13.1986
2487		10.8897		14.353		13.1986
2488		12.0442		14.353		13.1986
2489		13.1986		14.353		13.1986
2490		14.353		14.353		13.1986
2491		15.5074		14.353		13.1986
2492		0.5		15.5074		13.1986
2493		1.65442		15.5074		13.1986
2494		2.80883		15.5074		13.1986
2495		3.96325		15.5074		13.1986
2496		5.11766		15.5074		13.1986
2497		6.27208		15.5074		13.1986
2498		7.42649		15.5074		13.1986
2499		8.58091		15.5074		13.1986
2500		9.73533		15.5074		13.1986
2501		10.8897		15.5074		13.1986
2502		12.0442		15.5074		13.1986
2503		13.1986		15.5074		13.1986
2504		14.353		15.5074		13.1986
2505		15.5074		15.5074		13.1986
2506		0.5		16.6618		13.1986
2507		1.65442		16.6618		13.1986
2508		2.80883		16.6618		13.1986
2509		3.96325		16.6618		13.1986
2510		5.11766		16.6618		13.1986
2511		6.27208		16.6618		13.1986
2512		7.42649		16.6618		13.1986
2513		8.58091		16.6618		13.1986
2514		9.73533		16.6618		13.1986
2515		10.8897		16.6618		13.1986
2516		12.0442		16.6618		13.1986
2517		13.1986		16.6618		13.1986
2518		14.353		16.6618		13.1986
2519		15.5074		16.6618		13.1986
2520		0.5		0.5		14.353
2521		1.65442		0.5		14.353
2522		2.80883		0.5		14.353
2523		3.96325		0.5		14.353
2524		5.11766		0.5		14.353
2525		6.27208		0.5		14.353
2526		7.42649		0.5		14.353
2527		8.58091		0.5		14.353
2528		9.73533		0.5		14.353
2529		10.8897		0.5		14.353
2530		12.0442		0.5		14.353
2531		13.1986		0.5		14.353
2532		14.353		0.5		14.353
2533		15.5074		0.5		14.353
2534		0.5		1.65442		14.353
2535		1.65442		1.65442		14.353
2536		2.80883		1.65442		14.353
2537		3.96325		1.65442		14.353
2538		5.11766		1.65442		14.353
2539		6.27208		1.65442		14.353
2540		7.42649		1.65442		14.353
2541		8.58091		1.65442		14.353
2542		9.73533		1.65442		14.353
2543		10.8897		1.65442		14.353
2544		12.0442		1.65442		14.353
2545		13.1986		1.65442		14.353
2546		14.353		1.65442		14.353
2547		15.5074		1.65442		14.353
2548		0.5		2.80883		14.353
2549		1.65442		2.80883		14.353
2550		2.80883		2.80883		14.353
2551		3.96325		2.80883		14.353
2552		5.11766		2.80883		14.353
2553		6.27208		2.80883		14.353
2554		7.42649		2.80883		14.353
2555		8.58091		2.80883		14.353
2556		9.73533		2.80883		14.353
2557		10.8897		2.80883		14.353
2558		12.0442		2.80883		14.353
2559		13.1986		2.80883		14.353
2560		14.353		2.80883		14.353
2561		15.5074		2.80883		14.353
2562		0.5		3.96325		14.353
2563		1.65442		3.96325		14.353
2564		2.80883		3.96325		14.353
2565		3.96325		3.96325		14.353
2566		5.11766		3.96325		14.353
2567		6.27208		3.96325		14.353
2568		7.42649		3.96325		14.353
2569		8.58091		3.96325		14.353
2570		9.73533		3.96325		14.353
2571		10.8897		3.96325		14.353
2572		12.0442		3.96325		14.353
2573		13.1986		3.96325		14.353
2574		14.353		3.96325		14.353
2575		15.5074		3.96325		14.353
2576		0.5		5.11766		14.353
2577		1.65442		5.11766		14.353
2578		2.80883		5.11766		14.353
2579		3.96325		5.11766		14.353
2580		5.11766		5.11766		14.353
2581		6.27208		5.11766		14.353
2582		7.42649		5.11766		14.353
2583		8.58091		5.11766		14.353
2584		9.73533		5.11766		14.353
2585		10.8897		5.11766		14.353
2586		12.0442		5.11766		14.353
2587		13.1986		5.11766		14.353
2588		14.353		5.11766		14.353
2589		15.5074		5.11766		14.353
2590		0.5		6.27208		14.353
2591		1.65442		6.27208		14.353
2592		2.80883		6.27208		14.353
2593		3.96325		6.27208		14.353
2594		5.11766		6.27208		14.353
2595		6.27208		6.27208		14.353
2596		7.42649		6.27208		14.353
2597		8.58091		6.27208		14.353
2598		9.73533		6.27208		14.353
2599		10.8897		6.27208		14.353
2600		12.0442		6.27208		14.353
2601		13.1986		6.27208		14.353
2602		14.353		6.27208		14.353
2603		15.5074		6.27208		14.353
2604		0.5		7.42649		14.353
2605		1.65442		7.42649		14.353
2606		2.80883		7.42649		14.353
2607		3.96325		7.42649		14.353
2608		5.11766		7.42649		14.353
2609		6.27208		7.42649		14.353
2610		7.42649		7.42649		14.353
2611		8.58091		7.42649		14.353
2612		9.73533		7.42649		14.353
2613		10.8897		7.42649		14.353
2614		12.0442		7.42649		14.353
2615		13.1986		7.42649		14.353
2616		14.353		7.42649		14.353
2617		15.5074		7.42649		14.353
2618		0.5		8.58091		14.353
2619		1.65442		8.58091		14.353
2620		2.80883		8.58091		14.353
2621		3.96325		8.58091		14.353
2622		5.11766		8.58091		14.353
2623		6.27208		8.58091		14.353
2624		7.42649		8.58091		14.353
2625		8.58091		8.58091		14.353
2626		9.73533		8.58091		14.353
2627		10.8897		8.58091		14.353
2628		12.0442		8.58091		14.353
2629		13.1986		8.58091		14.353
2630		14.353		8.58091		14.353
2631		15.5074		8.58091		14.353
2632		0.5		9.73533		14.353
2633		1.65442		9.73533		14.353
2634		2.80883		9.73533		14.353
2635		3.96325		9.73533		14.353
2636		5.11766		9.73533		14.353
2637		6.27208		9.73533		14.353
2638		7.42649		9.73533		14.353
2639		8.58091		9.73533		14.353
2640		9.73533		9.73533		14.353
2641		10.8897		9.73533		14.353
2642		12.0442		9.73533		14.353
2643		13.1986		9.73533		14.353
2644		14.353		9.73533		14.353
2645		15.5074		9.73533		14.353
2646		0.5		10.8897		14.353
2647		1.65442		10.8897		14.353
2648		2.80883		10.8897		14.353
2649		3.96325		10.8897		14.353
2650		5.11766		10.8897		14.353
2651		6.27208		10.8897		14.353
2652		7.42649		10.8897		14.353
2653		8.58091		10.8897		14.353
2654		9.73533		10.8897		14.353
2655		10.8897		10.8897		14.353
2656		12.0442		10.8897		14.353
2657		13.1986		10.8897		14.353
2658		14.353		10.8897		14.353
2659		15.5074		10.8897		14.353
2660		0.5		12.0442		14.353
2661		1.65442		12.0442		14.353
2662		2.80883		12.0442		14.353
2663		3.96325		12.0442		14.353
2664		5.11766		12.0442		14.353
2665		6.27208		12.0442		14.353
2666		7.42649		12.0442		14.353
2667		8.58091		12.0442		14.353
2668		9.73533		12.0442		14.353
2669		10.8897		12.0442		14.353
2670		12.0442		12.0442		14.353
2671		13.1986		12.0442		14.353
2672		14.353		12.0442		14.353
2673		15.5074		12.0442		14.353
2674		0.5		13.1986		14.353
2675		1.65442		13.1986		14.353
2676		2.80883		13.1986		14.353
2677		3.96325		13.1986		14.353
2678		5.11766		13.1986		14.353
2679		6.27208		13.1986		14.353
2680		7.42649		13.1986		14.353
2681		8.58091		13.1986		14.353
2682		9.73533		13.1986		14.353
2683		10.8897		13.1986		14.353
2684		12.0442		13.1986		14.353
2685		13.1986		13.1986		14.353
2686		14.353		13.1986		14.353
2687		15.5074		13.1986		14.353
2688		0.5		14.353		14.353
2689		1.65442		14.353		14.353
2690		2.80883		14.353		14.353
2691		3.96325		14.353		14.353
2692		5.11766		14.353		14.353
2693		6.27208		14.353		14.353
2694		7.42649		14.353		14.353
2695		8.58091		14.353		14.353
2696		9.73533		14.353		14.353
2697		10.8897		14.353		14.353
2698		12.0442		14.353		14.353
2699		13.1986		14.353		14.353
2700		14.353		14.353		14.353
2701		15.5074		14.353		14.353
2702		0.5		15.5074		14.353
2703		1.65442		15.5074		14.353
2704		2.80883		15.5074		14.353
2705		3.96325		15.5074		14.353
2706		5.11766		15.5074		14.353
2707		6.27208		15.5074		14.353
2708		7.42649		15.5074		14.353
2709		8.58091		15.5074		14.353
2710		9.73533		15.5074		14.353
2711		10.8897		15.5074		14.353
2712		12.0442		15.5074		14.353
2713		13.1986		15.5074		14.353
2714		14.353		15.5074		14.353
2715		15.5074		15.5074		14.353
2716		0.5		16.6618		14.353
2717		1.65442		16.6618		14.353
2718		2.80883		16.6618		14.353
2719		3.96325		16.6618		14.353
2720		5.11766		16.6618		14.353
2721		6.27208		16.6618		14.353
2722		7.42649		16.6618		14.353
2723		8.58091		16.6618		14.353
2724		9.73533		16.6618		14.353
2725		10.8897		16.6618		14.353
2726		12.0442		16.6618		14.353
2727		13.1986		16.6618		14.353
2728		14.353		16.6618		14.353
2729		15.5074		16.6618		14.353
2730		0.5		0.5		15.5074
2731		1.65442		0.5		15.5074
2732		2.80883		0.5		15.5074
2733		3.96325		0.5		15.5074
2734		5.11766		0.5		15.5074
2735		6.27208		0.5		15.5074
2736		7.42649		0.5		15.5074
2737		8.58091		0.5		15.5074
2738		9.73533		0.5		15.5074
2739		10.8897		0.5		15.5074
2740		12.0442		0.5		15.5074
2741		13.1986		0.5		15.5074
2742		14.353		0.5		15.5074
2743		15.5074		0.5		15.5074
2744		0.5		1.65442		15.5074
2745		1.65442		1.65442		15.5074
2746		2.80883		1.65442		15.5074
2747		3.96325		1.65442		15.5074
2748		5.11766		1.65442		15.5074
2749		6.27208		1.65442		15.5074
2750		7.42649		1.65442		15.5074
2751		8.58091		1.65442		15.5074
2752		9.73533		1.65442		15.5074
2753		10.8897		1.65442		15.5074
2754		12.0442		1.65442		15.5074
2755		13.1986		1.65442		15.5074
2756		14.353		1.65442		15.5074
2757		15.5074		1.65442		15.5074
2758		0.5		2.80883		15.5074
2759		1.65442		2.80883		15.5074
2760		2.80883		2.80883		15.5074
2761		3.96325		2.80883		15.5074
2762		5.11766		2.80883		15.5074
2763		6.27208		2.80883		15.5074
2764		7.42649		2.80883		15.5074
2765		8.58091		2.80883		15.5074
2766		9.73533		2.80883		15.5074
2767		10.8897		2.80883		15.5074
2768		12.0442		2.80883		15.5074
2769		13.1986		2.80883		15.5074
2770		14.353		2.80883		15.5074
2771		15.5074		2.80883		15.5074
2772		0.5		3.96325		15.5074
2773		1.65442		3.96325		15.5074
2774		2.80883		3.96325		15.5074
2775		3.96325		3.96325		15.5074
2776		5.11766		3.96325		15.5074
2777		6.27208		3.96325		15.5074
2778		7.42649		3.96325		15.5074
2779		8.58091		3.96325		15.5074
2780		9.73533		3.96325		15.5074
2781		10.8897		3.96325		15.5074
2782		12.0442		3.96325		15.5074
2783		13.1986		3.96325		15.5074
2784		14.353		3.96325		15.5074
2785		15.5074		3.96325		15.5074
2786		0.5		5.11766		15.5074
2787		1.65442		5.11766		15.5074
2788		2.80883		5.11766		15.5074
2789		3.96325		5.11766		15.5074
2790		5.11766		5.11766		15.5074
2791		6.27208		5.11766		15.5074
2792		7.42649		5.11766		15.5074
2793		8.58091		5.11766		15.5074
2794		9.73533		5.11766		15.5074
2795		10.8897		5.11766		15.5074
2796		12.0442		5.11766		15.5074
2797		13.1986		5.11766		15.5074
2798		14.353		5.11766		15.5074
2799		15.5074		5.11766		15.5074
2800		0.5		6.27208		15.5074
2801		1.65442		6.27208		15.5074
2802		2.80883		6.27208		15.5074
2803		3.96325		6.27208		15.5074
2804		5.11766		6.27208		15.5074
2805		6.27208		6.27208		15.5074
2806		7.42649		6.27208		15.5074
2807		8.58091		6.27208		15.5074
2808		9.73533		6.27208		15.5074
2809		10.8897		6.27208		15.5074
2810		12.0442		6.27208		15.5074
2811		13.1986		6.27208		15.5074
2812		14.353		6.27208		15.5074
2813		15.5074		6.27208		15.5074
2814		0.5		7.42649		15.5074
2815		1.65442		7.42649		15.5074
2816		2.80883		7.42649		15.5074
2817		3.96325		7.42649		15.5074
2818		5.11766		7.42649		15.5074
2819		6.27208		7.42649		15.5074
2820		7.42649		7.42649		15.5074
2821		8.58091		7.42649		15.5074
2822		9.73533		7.42649		15.5074
2823		10.8897		7.42649		15.5074
2824		12.0442		7.42649		15.5074
2825		13.1986		7.42649		15.5074
2826		14.353		7.42649		15.5074
2827		15.5074		7.42649		15.5074
2828		0.5		8.58091		15.5074
2829		1.65442		8.58091		15.5074
2830		2.80883		8.58091		15.5074
2831		3.96325		8.58091		15.5074
2832		5.11766		8.58091		15.5074
2833		6.27208		8.58091		15.5074
2834		7.42649		8.58091		15.5074
2835		8.58091		8.58091		15.5074
2836		9.73533		8.58091		15.5074
2837		10.8897		8.58091		15.5074
2838		12.0442		8.58091		15.5074
2839		13.1986		8.58091		15.5074
2840		14.353		8.58091		15.5074
2841		15.5074		8.58091		15.5074
2842		0.5		9.73533		15.5074
2843		1.65442		9.73533		15.5074
2844		2.80883		9.73533		15.5074
2845		3.96325		9.73533		15.5074
2846		5.11766		9.73533		15.5074
2847		6.27208		9.73533		15.5074
2848		7.42649		9.73533		15.5074
2849		8.58091		9.73533		15.5074
2850		9.73533		9.73533		15.5074
2851		10.8897		9.73533		15.5074
2852		12.0442		9.73533		15.5074
2853		13.1986		9.73533		15.5074
2854		14.353		9.73533		15.5074
2855		15.5074		9.73533		15.5074
2856		0.5		10.8897		15.5074
2857		1.65442		10.8897		15.5074
2858		2.80883		10.8897		15.5074
2859		3.96325		10.8897		15.5074
2860		5.11766		10.8897		15.5074
2861		6.27208		10.8897		15.5074
2862		7.42649		10.8897		15.5074
2863		8.58091		10.8897		15.5074
2864		9.73533		10.8897		15.5074
2865		10.8897		10.8897		15.5074
2866		12.0442		10.8897		15.5074
2867		13.1986		10.8897		15.5074
2868		14.353		10.8897		15.5074
2869		15.5074		10.8897		15.5074
2870		0.5		12.0442		15.5074
2871		1.65442		12.0442		15.5074
2872		2.80883		12.0442		15.5074
2873		3.96325		12.0442		15.5074
2874		5.11766		12.0442		15.5074
2875		6.27208		12.0442		15.5074
2876		7.42649		12.0442		15.5074
2877		8.58091		12.0442		15.5074
2878		9.73533		12.0442		15.5074
2879		10.8897		12.0442		15.5074
2880		12.0442		12.0442		15.5074
2881		13.1986		12.0442		15.5074
2882		14.353		12.0442		15.5074
2883		15.5074		12.0442		15.5074
2884		0.5		13.1986		15.5074
2885		1.65442		13.1986		15.5074
2886		2.80883		13.1986		15.5074
2887		3.96325		13.1986		15.5074
2888		5.11766		13.1986		15.5074
2889		6.27208		13.1986		15.5074
2890		7.42649		13.1986		15.5074
2891		8.58091		13.1986		15.5074
2892		9.73533		13.1986		15.5074
2893		10.8897		13.1986		15.5074
2894		12.0442		13.1986		15.5074
2895		13.1986		13.1986		15.5074
2896		14.353		13.1986		15.5074
2897		15.5074		13.1986		15.5074
2898		0.5		14.353		15.5074
2899		1.65442		14.353		15.5074
2900		2.80883		14.353		15.5074
2901		3.96325		14.353		15.5074
2902		5.11766		14.353		15.5074
2903		6.27208		14.353		15.5074
2904		7.42649		14.353		15.5074
2905		8.58091		14.353		15.5074
2906		9.73533		14.353		15.5074
2907		10.8897		14.353		15.5074
2908		12.0442		14.353		15.5074
2909		13.1986		14.353		15.5074
2910		14.353		14.353		15.5074
2911		15.5074		14.353		15.5074
2912		0.5		15.5074		15.5074
2913		1.65442		15.5074		15.5074
2914		2.80883		15.5074		15.5074
2915		3.96325		15.5074		15.5074
2916		5.11766		15.5074		15.5074
2917		6.27208		15.5074		15.5074
2918		7.42649		15.5074		15.5074
2919		8.58091		15.5074		15.5074
2920		9.73533		15.5074		15.5074
2921		10.8897		15.5074		15.5074
2922		12.0442		15.5074		15.5074
2923		13.1986		15.5074		15.5074
2924		14.353		15.5074		15.5074
2925		15.5074		15.5074		15.5074
2926		0.5		16.6618		15.5074
2927		1.65442		16.6618		15.5074
2928		2.80883		16.6618		15.5074
2929		3.96325		16.6618		15.5074
2930		5.11766		16.6618		15.5074
2931		6.27208		16.6618		15.5074
2932		7.42649		16.6618		15.5074
2933		8.58091		16.6618		15.5074
2934		9.73533		16.6618		15.5074
2935		10.8897		16.6618		15.5074
2936		12.0442		16.6618		15.5074
2937		13.1986		16.6618		15.5074
2938		14.353		16.6618		15.5074
2939		15.5074		16.6618		15.5074
2940		0.5		0.5		16.6618
2941		1.65442		0.5		16.6618
2942		2.80883		0.5		16.6618
2943		3.96325		0.5		16.6618
2944		5.11766		0.5		16.6618
2945		6.27208		0.5		16.6618
2946		7.42649		0.5		16.6618
2947		8.58091		0.5		16.6618
2948		9.73533		0.5		16.6618
2949		10.8897		0.5		16.6618
2950		12.0442		0.5		16.6618
2951		13.1986		0.5		16.6618
2952		14.353		0.5		16.6618
2953		15.5074		0.5		16.6618
2954		0.5		1.65442		16.6618
2955		1.65442		1.65442		16.6618
2956		2.80883		1.65442		16.6618
2957		3.96325		1.65442		16.6618
2958		5.11766		1.65442		16.6618
2959		6.27208		1.65442		16.6618
2960		7.42649		1.65442		16.6618
2961		8.58091		1.65442		16.6618
2962		9.73533		1.65442		16.6618
2963		10.8897		1.65442		16.6618
2964		12.0442		1.65442		16.6618
2965		13.1986		1.65442		16.6618
2966		14.353		1.65442		16.6618
2967		15.5074		1.65442		16.6618
2968		0.5		2.80883		16.6618
2969		1.65442		2.80883		16.6618
2970		2.80883		2.80883		16.6618
2971		3.96325		2.80883		16.6618
2972		5.11766		2.80883		16.6618
2973		6.27208		2.80883		16.6618
2974		7.42649		2.80883		16.6618
2975		8.58091		2.80883		16.6618
2976		9.73533		2.80883		16.6618
2977		10.8897		2.80883		16.6618
2978		12.0442		2.80883		16.6618
2979		13.1986		2.80883		16.6618
2980		14.353		2.80883		16.6618
2981		15.5074		2.80883		16.6618
2982		0.5		3.96325		16.6618
2983		1.65442		3.96325		16.6618
2984		2.80883		3.96325		16.6618
2985		3.96325		3.96325		16.6618
2986		5.11766		3.96325		16.6618
2987		6.27208		3.96325		16.6618
2988		7.42649		3.96325		16.6618
2989		8.58091		3.96325		16.6618
2990		9.73533		3.96325		16.6618
2991		10.8897		3.96325		16.6618
2992		12.0442		3.96325		16.6618
2993		13.1986		3.96325		16.6618
2994		14.353		3.96325		16.6618
2995		15.5074		3.96325		16.6618
2996		0.5		5.11766		16.6618
2997		1.65442		5.11766		16.6618
2998		2.80883		5.11766		16.6618
2999		3.96325		5.11766		16.6618
